208.128,425.452
208.128,425.452
208.136,425.452
208.136,425.452
208.136,425.452
208.136,425.441
208.132,425.396
208.075,424.963
208.052,424.764
208.084,424.862
208.018,424.531
207.986,424.332
207.946,424.133
207.907,423.934
207.875,423.735
207.899,423.834
207.837,423.559
207.789,423.361
207.741,423.174
207.693,422.976
207.645,422.778
207.605,422.579
207.557,422.381
207.555,422.348
207.488,422.129
207.432,421.942
207.376,421.745
207.32,421.547
207.264,421.361
207.208,421.164
207.151,420.966
207.095,420.78
207.039,420.583
207.006,420.473
206.95,420.287
206.895,420.1
206.83,419.904
206.773,419.706
206.718,419.52
206.661,419.323
206.597,419.137
206.541,418.94
206.485,418.753
206.429,418.556
206.429,418.556
206.363,418.348
206.307,418.15
206.242,417.954
206.187,417.767
206.13,417.57
206.074,417.384
206.01,417.187
205.954,417.001
205.898,416.803
205.841,416.606
205.777,416.42
205.775,416.387
205.68,416.013
205.633,415.826
205.593,415.627
205.545,415.429
205.505,415.231
205.457,415.033
205.417,414.834
205.378,414.646
205.33,414.449
205.29,414.25
205.242,414.052
205.202,413.853
205.155,413.666
205.141,413.589
205.092,413.156
205.077,412.955
205.062,412.755
205.047,412.554
205.032,412.354
205.017,412.153
205.002,411.953
204.996,411.751
204.981,411.551
204.966,411.35
204.951,411.15
204.936,410.949
204.921,410.749
204.909,410.582
204.906,410.324
204.9,410.123
204.893,409.922
204.895,409.72
204.888,409.519
204.89,409.318
204.883,409.116
204.885,408.915
204.878,408.714
204.88,408.512
204.873,408.311
204.867,408.11
204.868,407.908
204.862,407.707
204.863,407.505
204.857,407.304
204.857,407.304
204.846,407.159
204.839,406.958
204.824,406.758
204.809,406.557
204.803,406.356
204.788,406.155
204.773,405.955
204.758,405.754
204.751,405.553
204.737,405.353
204.722,405.152
204.715,404.951
204.7,404.751
204.685,404.55
204.67,404.35
204.664,404.148
204.649,403.948
204.634,403.747
204.627,403.546
204.612,403.346
204.615,403.379
204.608,403.402
204.568,403.203
204.52,403.005
204.481,402.818
204.433,402.62
204.393,402.421
204.353,402.223
204.305,402.025
204.265,401.826
204.226,401.638
204.178,401.44
204.138,401.242
204.09,401.044
204.05,400.845
204.011,400.646
203.963,400.46
203.923,400.261
203.875,400.063
203.835,399.864
203.796,399.666
203.748,399.479
203.801,399.62
203.825,399.73
203.728,399.547
203.64,399.375
203.543,399.191
203.447,399.019
203.358,398.836
203.262,398.663
203.165,398.48
203.068,398.308
202.98,398.124
202.883,397.952
202.787,397.78
202.69,397.597
202.602,397.425
202.505,397.241
202.408,397.069
202.319,396.886
202.223,396.713
202.126,396.53
202.03,396.358
201.941,396.174
202.008,396.293
201.914,396.154
201.802,395.994
201.681,395.824
201.569,395.664
201.448,395.494
201.336,395.335
201.223,395.164
201.102,395.005
200.989,394.834
200.877,394.674
200.757,394.515
200.644,394.344
200.524,394.185
200.411,394.014
200.299,393.855
200.177,393.685
200.065,393.525
199.952,393.354
199.832,393.195
199.86,393.238
199.642,392.884
199.537,392.713
199.433,392.542
199.336,392.37
199.231,392.187
199.126,392.016
199.022,391.844
198.925,391.672
198.821,391.501
198.716,391.329
198.611,391.158
198.515,390.986
198.411,390.814
198.305,390.632
198.201,390.46
198.104,390.288
198,390.117
198.019,390.149
197.827,389.816
197.722,389.645
197.625,389.461
197.529,389.289
197.424,389.118
197.328,388.946
197.223,388.763
197.126,388.591
197.03,388.419
196.925,388.248
196.828,388.065
196.732,387.893
196.627,387.721
196.531,387.549
196.434,387.366
196.329,387.195
196.3,387.141
196.122,386.762
196.033,386.578
195.952,386.394
195.872,386.209
195.791,386.025
195.711,385.84
195.63,385.656
195.541,385.472
195.461,385.288
195.381,385.114
195.301,384.93
195.22,384.746
195.139,384.561
195.051,384.377
194.97,384.193
194.94,384.128
194.814,383.779
194.741,383.583
194.677,383.397
194.605,383.212
194.54,383.015
194.476,382.83
194.404,382.645
194.339,382.448
194.267,382.263
194.203,382.077
194.13,381.881
194.066,381.695
194.002,381.51
193.929,381.313
193.886,381.182
193.78,380.877
193.724,380.69
193.659,380.493
193.604,380.307
193.539,380.11
193.483,379.913
193.419,379.727
193.354,379.53
193.298,379.344
193.234,379.147
193.178,378.961
193.113,378.764
193.058,378.578
192.993,378.381
192.96,378.272
192.909,378.152
192.836,377.956
192.764,377.771
192.691,377.586
192.619,377.401
192.546,377.205
192.474,377.02
192.402,376.835
192.33,376.65
192.256,376.454
192.184,376.268
192.112,376.083
192.04,375.898
191.967,375.702
191.879,375.306
191.839,375.107
191.807,374.908
191.768,374.709
191.729,374.521
191.689,374.323
191.649,374.124
191.609,373.926
191.569,373.727
191.538,373.528
191.498,373.329
191.458,373.13
191.419,372.943
191.379,372.744
191.379,372.744
191.33,372.423
191.3,372.235
191.268,372.036
191.236,371.836
191.205,371.637
191.173,371.438
191.15,371.238
191.119,371.039
191.087,370.839
191.056,370.64
191.024,370.441
190.993,370.241
190.961,370.042
190.942,369.898
190.91,369.587
190.896,369.386
190.881,369.186
190.857,368.986
190.842,368.785
190.828,368.585
190.804,368.385
190.789,368.184
190.774,367.984
190.76,367.783
190.736,367.584
190.721,367.383
190.72,367.361
190.718,366.89
190.72,366.689
190.73,366.486
190.731,366.285
190.733,366.083
190.743,365.881
190.746,365.69
190.756,365.488
190.757,365.286
190.767,365.419
190.749,365.174
190.742,364.973
190.728,364.773
190.721,364.572
190.706,364.371
190.699,364.17
190.684,363.97
190.678,363.768
190.663,363.568
190.664,363.467
190.676,363.074
190.695,362.871
190.704,362.669
190.715,362.466
190.733,362.263
190.743,362.061
190.762,361.869
190.772,361.667
190.782,361.464
190.784,361.498
190.791,361.251
190.793,361.049
190.795,360.859
190.797,360.657
190.799,360.455
190.809,360.253
190.81,360.051
190.812,359.849
190.809,359.704
190.807,359.558
190.809,359.357
190.802,359.156
190.795,358.954
190.789,358.753
190.791,358.552
190.784,358.35
190.777,358.149
190.779,357.948
190.77,357.825
190.769,357.926
190.729,357.727
190.689,357.529
190.65,357.33
190.611,357.142
190.571,356.944
190.531,356.745
190.491,356.546
190.451,356.348
190.426,356.227
190.382,355.972
190.342,355.774
190.31,355.574
190.27,355.376
190.239,355.176
190.199,354.978
190.168,354.79
190.128,354.591
190.097,354.392
190.057,354.193
190.068,354.226
190.013,353.827
189.998,353.626
189.975,353.426
189.96,353.226
189.937,353.026
189.922,352.825
189.899,352.625
189.884,352.425
189.869,352.224
189.846,352.025
189.831,351.824
189.807,351.624
189.817,351.635
189.782,351.391
189.75,351.192
189.719,350.992
189.687,350.793
189.664,350.593
189.632,350.394
189.601,350.195
189.569,349.995
189.546,349.796
189.514,349.596
189.483,349.397
189.452,349.198
189.428,348.998
189.411,348.876
189.374,348.61
189.343,348.411
189.32,348.211
189.288,348.011
189.265,347.811
189.233,347.612
189.21,347.412
189.178,347.213
189.155,347.013
189.132,346.813
189.101,346.614
189.077,346.414
189.046,346.215
189.058,346.27
189.038,346.215
188.981,346.018
188.934,345.831
188.877,345.634
188.821,345.436
188.773,345.249
188.717,345.052
188.661,344.855
188.613,344.668
188.557,344.47
188.5,344.273
188.453,344.086
188.374,343.812
188.321,343.435
188.298,343.235
188.266,343.036
188.243,342.836
188.212,342.637
188.188,342.437
188.157,342.237
188.134,342.038
188.111,341.838
188.079,341.638
188.056,341.439
188.056,341.439
188.026,341.262
187.987,341.074
187.947,340.875
187.907,340.677
187.867,340.478
187.827,340.279
187.788,340.081
187.748,339.882
187.716,339.683
187.676,339.484
187.637,339.297
187.623,339.219
187.586,338.83
187.571,338.63
187.556,338.429
187.541,338.229
187.526,338.028
187.52,337.827
187.505,337.626
187.49,337.426
187.475,337.225
187.46,337.025
187.445,336.824
187.462,336.935
187.426,336.568
187.411,336.368
187.405,336.167
187.39,335.966
187.375,335.766
187.36,335.565
187.345,335.365
187.33,335.164
187.323,334.963
187.308,334.762
187.293,334.562
187.304,334.595
187.279,334.485
187.24,334.286
187.2,334.087
187.16,333.889
187.12,333.69
187.081,333.502
187.041,333.304
187.001,333.105
186.961,332.906
186.922,332.708
186.884,332.543
186.856,332.388
186.816,332.189
186.777,332.002
186.737,331.803
186.698,331.604
186.658,331.406
186.618,331.207
186.578,331.009
186.538,330.81
186.499,330.622
186.497,330.6
186.477,330.546
186.429,330.348
186.373,330.161
186.325,329.963
186.268,329.766
186.221,329.579
186.165,329.381
186.117,329.183
186.061,328.997
186.013,328.799
185.955,328.579
185.908,328.18
185.885,327.98
185.87,327.779
185.847,327.579
185.832,327.379
185.809,327.179
185.794,326.978
185.771,326.779
185.747,326.579
185.777,326.756
185.755,326.679
185.708,326.492
185.651,326.295
185.603,326.097
185.555,325.899
185.507,325.712
185.459,325.514
185.403,325.316
185.355,325.118
185.308,324.943
185.264,324.688
185.224,324.489
185.193,324.29
185.153,324.092
185.114,323.904
185.083,323.705
185.043,323.506
185.003,323.307
184.971,323.108
184.968,323.064
184.91,322.844
184.862,322.646
184.822,322.447
184.774,322.249
184.727,322.062
184.678,321.864
184.63,321.666
184.582,321.468
184.535,321.281
184.487,321.083
184.483,321.039
184.465,321.018
184.393,320.833
184.321,320.648
184.248,320.452
184.175,320.266
184.095,320.082
184.023,319.897
183.95,319.712
183.877,319.516
183.817,319.375
183.754,319.2
183.681,319.015
183.618,318.829
183.545,318.644
183.472,318.448
183.408,318.263
183.336,318.077
183.263,317.881
183.191,317.696
183.19,317.685
183.131,317.566
183.042,317.383
182.953,317.199
182.865,317.026
182.776,316.842
182.688,316.658
182.6,316.486
182.511,316.302
182.422,316.118
182.393,316.064
182.326,315.957
182.222,315.786
182.117,315.614
182.005,315.444
181.9,315.272
181.795,315.101
181.691,314.929
181.578,314.758
181.464,314.577
181.275,314.165
181.194,313.981
181.113,313.796
181.041,313.611
180.96,313.416
180.879,313.231
180.807,313.046
180.727,312.862
180.726,312.851
180.537,312.338
180.481,312.141
180.425,311.954
180.361,311.758
180.305,311.571
180.249,311.374
180.193,311.188
180.128,310.991
180.072,310.793
180.016,310.607
180.07,310.771
179.997,310.575
179.916,310.379
179.843,310.194
179.771,310.009
179.699,309.824
179.627,309.639
179.545,309.444
179.473,309.259
179.401,309.074
179.329,308.889
179.256,308.704
179.226,308.627
179.151,308.409
179.087,308.223
179.022,308.027
178.959,307.841
178.894,307.644
178.822,307.459
178.758,307.273
178.693,307.077
178.629,306.891
178.564,306.694
178.584,306.737
178.535,306.64
178.447,306.468
178.367,306.283
178.278,306.099
178.197,305.915
178.108,305.731
178.028,305.547
177.939,305.363
177.859,305.19
177.771,305.006
177.76,304.973
177.732,304.941
177.628,304.77
177.515,304.599
177.41,304.428
177.298,304.268
177.194,304.097
177.089,303.925
176.976,303.754
176.871,303.583
176.759,303.412
176.758,303.401
176.915,303.602
176.763,303.468
176.612,303.345
176.451,303.211
176.3,303.088
176.148,302.954
175.989,302.831
175.837,302.697
175.686,302.574
175.526,302.451
175.508,302.43
175.755,302.602
175.574,302.526
175.393,302.45
175.202,302.363
175.021,302.287
174.84,302.211
174.658,302.124
174.469,302.048
174.288,301.972
174.279,301.961
174.262,301.963
174.066,301.91
173.87,301.857
173.683,301.804
173.488,301.763
173.292,301.71
173.096,301.657
172.908,301.604
172.712,301.552
172.991,301.598
172.967,301.611
172.766,301.604
172.565,301.596
172.365,301.6
172.164,301.592
171.963,301.585
171.762,301.577
171.653,301.574
171.128,301.479
170.932,301.426
170.737,301.385
170.541,301.332
170.346,301.291
170.15,301.238
170.42,301.274
170.007,301.215
169.812,301.185
169.617,301.143
169.414,301.114
169.22,301.083
169.025,301.042
168.822,301.012
169.05,301.04
168.857,301.032
168.656,301.025
168.455,301.006
168.254,300.998
168.053,300.991
167.852,300.984
167.651,300.976
167.458,300.968
167.433,300.97
166.797,300.838
166.609,300.785
166.413,300.721
166.217,300.668
166.029,300.615
165.833,300.563
165.645,300.509
165.449,300.457
165.252,300.393
165.431,300.436
164.919,300.283
164.729,300.208
164.541,300.144
164.352,300.068
164.163,300.004
163.975,299.939
163.785,299.864
163.597,299.799
163.407,299.724
163.391,299.725
162.807,299.399
162.64,299.288
162.473,299.177
162.306,299.067
162.139,298.956
161.972,298.845
161.806,298.734
161.639,298.623
161.472,298.513
161.576,298.572
161.125,298.225
160.973,298.102
160.822,297.967
160.661,297.834
160.51,297.71
160.358,297.576
160.206,297.442
160.054,297.308
160.081,297.328
159.722,296.996
159.586,296.85
159.442,296.715
159.298,296.569
159.162,296.422
159.018,296.287
158.874,296.141
158.738,295.994
158.665,295.921
158.356,295.586
158.228,295.427
158.1,295.28
157.971,295.122
157.842,294.963
157.715,294.816
157.586,294.657
157.458,294.51
157.375,294.404
157.265,294.278
157.129,294.131
156.993,293.985
156.857,293.838
156.721,293.691
156.584,293.545
156.448,293.398
156.311,293.24
156.183,293.093
156.066,292.967
156.029,292.925
155.893,292.779
155.757,292.632
155.62,292.485
155.493,292.338
155.356,292.191
155.219,292.033
155.083,291.887
154.938,291.729
154.828,291.603
154.691,291.445
154.555,291.299
154.427,291.151
154.291,291.005
154.154,290.847
154.026,290.7
153.89,290.553
153.754,290.406
153.726,290.364
153.523,290.11
153.394,289.951
153.274,289.792
153.154,289.633
153.025,289.475
152.905,289.316
152.784,289.157
152.655,288.998
152.535,288.839
152.607,288.912
152.425,288.713
152.297,288.555
152.161,288.408
152.033,288.261
151.904,288.102
151.768,287.955
151.639,287.797
151.511,287.65
151.374,287.492
151.347,287.46
151.104,287.12
150.984,286.961
150.871,286.79
150.758,286.619
150.646,286.46
150.533,286.289
150.421,286.129
150.393,286.086
150.263,285.906
150.151,285.746
150.029,285.576
149.917,285.416
149.797,285.257
149.684,285.086
149.564,284.927
149.451,284.756
149.33,284.597
149.126,284.209
149.038,284.037
148.949,283.853
148.86,283.669
148.772,283.496
148.683,283.313
148.595,283.129
148.506,282.945
148.515,282.956
148.478,282.913
148.357,282.743
148.237,282.584
148.125,282.425
148.004,282.266
147.817,281.988
147.652,281.687
147.555,281.504
147.459,281.332
147.37,281.148
147.274,280.976
147.185,280.792
147.089,280.62
147.145,280.705
147.011,280.48
146.907,280.309
146.802,280.137
146.698,279.966
146.601,279.794
146.497,279.622
146.392,279.451
146.287,279.279
146.296,279.279
146.213,279.173
146.091,279.003
145.979,278.843
145.858,278.673
145.746,278.513
145.626,278.354
145.513,278.183
145.43,278.078
145.308,277.896
145.195,277.725
145.074,277.566
144.961,277.396
144.849,277.225
144.736,277.065
144.624,276.894
144.511,276.735
144.39,276.564
144.361,276.511
144.223,276.33
144.11,276.16
143.997,276
143.876,275.83
143.764,275.67
143.651,275.499
143.531,275.34
143.419,275.181
143.447,275.223
143.317,275.043
143.196,274.883
143.075,274.713
142.955,274.554
142.834,274.395
142.714,274.236
142.593,274.077
142.473,273.918
142.362,273.77
142.192,273.513
142.08,273.354
141.967,273.183
141.854,273.012
141.751,272.852
141.638,272.681
141.525,272.51
141.413,272.35
141.319,272.212
141.056,271.705
140.975,271.52
140.895,271.336
140.814,271.152
140.734,270.967
140.653,270.783
140.564,270.599
140.484,270.415
140.403,270.23
140.49,270.381
140.283,269.959
140.195,269.786
140.114,269.602
140.026,269.418
139.945,269.234
139.856,269.05
139.776,268.866
139.823,268.94
139.738,268.812
139.634,268.641
139.521,268.47
139.417,268.31
139.312,268.138
139.2,267.968
139.095,267.796
138.99,267.625
138.905,267.485
138.712,267.029
138.648,266.844
138.575,266.648
138.503,266.462
138.439,266.277
138.366,266.081
138.302,265.895
138.23,265.71
138.165,265.513
138.203,265.578
138.125,265.427
138.029,265.254
137.932,265.071
137.835,264.899
137.747,264.715
137.65,264.543
137.553,264.36
137.457,264.188
137.388,264.048
137.233,263.645
137.168,263.448
137.104,263.262
137.04,263.077
136.967,262.881
136.903,262.695
136.838,262.498
136.774,262.312
136.783,262.312
136.785,262.334
136.68,262.163
136.575,261.991
136.471,261.82
136.374,261.648
136.27,261.476
136.165,261.305
136.061,261.133
135.923,260.864
135.782,260.415
135.725,260.217
135.669,260.031
135.621,259.833
135.565,259.636
135.517,259.438
135.461,259.251
135.405,259.054
135.458,259.207
135.372,258.956
135.299,258.759
135.235,258.574
135.163,258.389
135.098,258.192
135.026,258.007
134.962,257.821
134.889,257.625
134.899,257.647
134.75,257.098
134.71,256.899
134.67,256.701
134.63,256.502
134.59,256.303
134.551,256.105
134.503,255.918
134.463,255.719
134.576,255.991
134.566,255.98
134.462,255.809
134.357,255.637
134.261,255.465
134.156,255.294
134.06,255.122
133.954,254.939
133.858,254.767
133.754,254.596
133.725,254.542
133.578,254.25
133.489,254.067
133.4,253.883
133.312,253.71
133.223,253.526
133.143,253.342
133.054,253.158
132.966,252.985
132.877,252.802
133.001,253.016
132.946,252.942
132.825,252.783
132.705,252.624
132.584,252.454
132.463,252.295
132.343,252.136
132.223,251.977
132.11,251.817
131.989,251.647
131.944,251.594
131.842,251.456
131.72,251.286
131.6,251.127
131.48,250.968
131.359,250.809
131.239,250.65
131.118,250.491
130.997,250.321
130.952,250.268
130.775,250.023
130.662,249.864
130.542,249.705
130.422,249.546
130.301,249.376
130.188,249.216
130.068,249.057
129.947,248.887
129.983,248.929
129.948,248.898
129.803,248.752
129.667,248.605
129.532,248.469
129.395,248.323
129.251,248.177
129.115,248.03
128.979,247.883
128.724,247.6
128.528,247.323
128.415,247.152
128.302,246.982
128.19,246.822
128.085,246.651
127.972,246.48
127.86,246.309
127.812,246.234
127.633,245.956
127.52,245.785
127.415,245.614
127.311,245.442
127.199,245.283
127.094,245.111
126.989,244.94
126.885,244.769
126.819,244.673
126.602,244.218
126.521,244.034
126.441,243.85
126.36,243.665
126.279,243.481
126.199,243.296
126.127,243.111
126.046,242.927
125.987,242.808
125.825,242.316
125.777,242.118
125.722,241.932
125.665,241.734
125.609,241.537
125.561,241.35
125.505,241.152
125.449,240.955
125.393,240.769
125.345,240.571
125.301,240.428
125.219,239.886
125.204,239.685
125.189,239.485
125.166,239.285
125.151,239.084
125.136,238.884
125.113,238.684
125.098,238.483
125.074,238.284
125.06,238.083
125.045,237.882
125.021,237.683
125.015,237.594
125.058,236.941
125.094,236.748
125.12,236.544
125.148,236.351
125.183,236.147
125.21,235.955
125.237,235.751
125.272,235.547
125.299,235.355
125.326,235.151
125.353,234.959
125.388,234.754
125.415,234.562
125.442,234.358
125.489,234.097
125.688,233.511
125.766,233.326
125.844,233.141
125.922,232.956
125.992,232.772
126.07,232.587
126.148,232.402
126.226,232.217
126.304,232.032
126.382,231.846
126.46,231.661
126.538,231.476
126.617,231.291
126.694,231.095
126.772,230.91
126.85,230.725
126.928,230.54
127.006,230.355
127.093,230.17
127.26,229.843
127.356,229.668
127.46,229.493
127.555,229.317
127.651,229.142
127.755,228.967
127.85,228.791
127.946,228.616
128.041,228.441
128.145,228.265
128.241,228.09
128.336,227.915
128.44,227.739
128.535,227.564
128.631,227.389
128.726,227.214
128.83,227.038
128.926,226.863
129.02,226.677
129.058,226.618
129.222,226.36
129.335,226.194
129.448,226.029
129.56,225.853
129.665,225.688
129.778,225.523
129.891,225.358
130.004,225.192
130.116,225.016
130.221,224.852
130.334,224.686
130.447,224.521
130.559,224.345
130.663,224.18
130.776,224.015
130.889,223.85
130.896,223.827
130.956,223.733
131.051,223.558
131.155,223.382
131.251,223.207
131.346,223.032
131.45,222.856
131.545,222.681
131.641,222.506
131.745,222.33
131.84,222.155
131.936,221.98
132.04,221.804
132.135,221.629
132.231,221.454
132.335,221.278
132.363,221.209
132.362,221.197
132.448,221.012
132.526,220.827
132.613,220.641
132.691,220.456
132.777,220.27
132.855,220.085
132.934,219.912
133.021,219.726
133.099,219.541
133.185,219.355
133.263,219.17
133.35,218.985
133.428,218.8
133.414,218.834
133.427,218.788
133.488,218.593
133.548,218.399
133.618,218.214
133.679,218.019
133.74,217.835
133.801,217.641
133.87,217.445
133.931,217.261
133.992,217.066
134.052,216.871
134.122,216.687
134.183,216.492
134.244,216.308
134.265,216.251
134.244,216.308
134.271,216.105
134.298,215.901
134.325,215.709
134.343,215.506
134.37,215.302
134.397,215.11
134.424,214.906
134.45,214.702
134.478,214.51
134.504,214.306
134.524,214.114
134.55,213.911
134.577,213.707
134.604,213.515
134.61,213.481
134.601,213.47
134.594,213.269
134.596,213.067
134.589,212.866
134.583,212.665
134.584,212.463
134.578,212.262
134.58,212.061
134.573,211.859
134.566,211.658
134.568,211.457
134.561,211.255
134.555,211.054
134.556,210.853
134.55,210.651
134.551,210.45
134.545,210.249
134.547,210.159
134.537,210.137
134.505,209.938
134.474,209.739
134.442,209.539
134.41,209.34
134.379,209.141
134.347,208.942
134.316,208.742
134.284,208.543
134.253,208.344
134.221,208.144
134.19,207.945
134.158,207.746
134.127,207.547
134.095,207.347
134.064,207.148
134.032,206.949
134.001,206.761
133.978,206.561
133.947,206.362
133.915,206.162
133.884,205.963
133.881,205.93
133.849,205.831
133.801,205.633
133.744,205.436
133.696,205.238
133.649,205.051
133.592,204.853
133.544,204.655
133.488,204.469
133.44,204.271
133.392,204.073
133.337,203.887
133.288,203.689
133.232,203.491
133.184,203.293
133.137,203.106
133.08,202.909
133.032,202.711
132.985,202.524
132.928,202.327
132.88,202.129
132.824,201.942
132.776,201.744
132.728,201.546
132.672,201.349
132.624,201.162
132.568,200.965
132.578,200.986
132.524,200.822
132.46,200.637
132.396,200.451
132.331,200.254
132.268,200.068
132.194,199.872
132.131,199.687
132.067,199.501
132.002,199.304
131.938,199.118
131.873,198.922
131.801,198.737
131.737,198.551
131.672,198.354
131.608,198.169
131.544,197.972
131.48,197.786
131.408,197.601
131.343,197.404
131.279,197.219
131.214,197.022
131.15,196.836
131.086,196.65
131.013,196.454
130.949,196.269
130.884,196.072
130.821,195.886
130.757,195.7
130.692,195.504
130.62,195.319
130.606,195.252
130.526,195.068
130.454,194.883
130.381,194.698
130.3,194.502
130.228,194.317
130.156,194.132
130.083,193.947
130.003,193.763
129.931,193.578
129.858,193.393
129.777,193.197
129.705,193.012
129.633,192.827
129.552,192.643
129.48,192.458
129.408,192.273
129.326,192.077
129.254,191.892
129.182,191.707
129.101,191.523
129.029,191.338
128.957,191.152
128.884,190.956
128.803,190.772
128.731,190.587
128.659,190.402
128.578,190.217
128.506,190.032
128.434,189.847
128.353,189.652
128.28,189.467
128.208,189.282
128.128,189.097
128.055,188.912
127.983,188.727
127.942,188.629
127.849,188.39
127.769,188.205
127.697,188.02
127.624,187.835
127.544,187.651
127.472,187.466
127.391,187.281
127.319,187.096
127.246,186.9
127.165,186.716
127.093,186.531
127.013,186.346
126.94,186.161
126.868,185.976
126.788,185.792
126.715,185.596
126.634,185.411
126.562,185.226
126.49,185.041
126.409,184.857
126.337,184.672
126.256,184.487
126.184,184.302
126.111,184.106
126.031,183.922
125.958,183.737
125.878,183.552
125.806,183.367
125.733,183.182
125.653,182.998
125.58,182.802
125.499,182.617
125.427,182.432
125.355,182.247
125.274,182.063
125.202,181.878
125.13,181.692
125.049,181.508
124.976,181.312
124.926,181.204
124.855,181.03
124.766,180.846
124.686,180.661
124.605,180.477
124.516,180.293
124.436,180.109
124.356,179.936
124.276,179.751
124.187,179.567
124.106,179.383
124.026,179.199
123.945,179.014
123.856,178.83
123.776,178.646
123.695,178.461
123.615,178.277
123.526,178.093
123.446,177.92
123.366,177.735
123.285,177.551
123.196,177.367
123.116,177.183
123.035,176.998
122.946,176.815
122.866,176.63
122.785,176.446
122.705,176.261
122.616,176.078
122.536,175.893
122.456,175.72
122.375,175.535
122.286,175.352
122.206,175.167
122.125,174.983
122.045,174.798
121.956,174.615
121.875,174.43
121.795,174.246
121.714,174.061
121.734,174.105
121.647,173.943
121.55,173.76
121.461,173.576
121.373,173.403
121.276,173.22
121.188,173.048
121.099,172.864
121.002,172.681
120.914,172.508
120.817,172.325
120.729,172.152
120.64,171.968
120.544,171.796
120.455,171.612
120.366,171.429
120.27,171.257
120.181,171.073
120.085,170.901
119.996,170.717
119.907,170.533
119.811,170.361
119.722,170.177
119.634,170.005
119.537,169.821
119.449,169.649
119.352,169.466
119.263,169.282
119.175,169.109
119.078,168.926
118.99,168.753
118.901,168.569
118.804,168.386
118.716,168.214
118.619,168.03
118.531,167.858
118.442,167.674
118.432,167.652
118.326,167.459
118.229,167.286
118.133,167.114
118.036,166.931
117.939,166.759
117.842,166.576
117.746,166.404
117.649,166.221
117.561,166.048
117.465,165.876
117.367,165.693
117.271,165.521
117.174,165.338
117.078,165.166
116.981,164.994
116.884,164.81
116.788,164.638
116.691,164.455
116.594,164.283
116.498,164.111
116.401,163.928
116.313,163.755
116.216,163.572
116.12,163.4
116.023,163.228
115.926,163.045
115.83,162.873
115.733,162.689
115.636,162.517
115.54,162.345
115.443,162.162
115.347,161.99
115.249,161.807
115.153,161.635
115.153,161.635
115.058,161.474
114.952,161.291
114.856,161.119
114.751,160.948
114.647,160.777
114.542,160.605
114.446,160.433
114.341,160.262
114.237,160.09
114.132,159.919
114.035,159.736
113.93,159.564
113.826,159.393
113.721,159.221
113.616,159.05
113.52,158.878
113.416,158.706
113.311,158.535
113.206,158.364
113.11,158.191
113.004,158.009
112.9,157.837
112.795,157.666
112.699,157.494
112.594,157.323
112.49,157.151
112.385,156.98
112.289,156.808
112.184,156.636
112.193,156.647
112.09,156.486
111.977,156.316
111.872,156.144
111.759,155.973
111.647,155.814
111.542,155.642
111.43,155.472
111.325,155.3
111.213,155.14
111.1,154.97
110.995,154.798
110.882,154.627
110.778,154.456
110.666,154.296
110.553,154.125
110.448,153.954
110.335,153.783
110.231,153.623
110.118,153.452
110.006,153.281
109.901,153.11
109.788,152.939
109.74,152.853
109.62,152.694
109.507,152.523
109.386,152.364
109.273,152.193
109.153,152.034
109.041,151.875
108.92,151.704
108.808,151.545
108.695,151.374
108.574,151.215
108.461,151.044
108.341,150.885
108.229,150.725
108.108,150.555
107.995,150.395
107.939,150.31
107.857,150.215
107.728,150.057
107.599,149.899
107.472,149.751
107.343,149.593
107.207,149.446
107.078,149.288
106.949,149.129
106.821,148.982
106.693,148.823
106.565,148.676
106.436,148.518
106.308,148.359
106.262,148.307
106.162,148.202
106.026,148.055
105.89,147.909
105.754,147.762
105.618,147.615
105.481,147.469
105.345,147.322
105.209,147.175
105.073,147.029
104.937,146.882
104.801,146.735
104.827,146.756
104.864,146.809
104.706,146.698
104.546,146.575
104.387,146.453
104.219,146.331
104.06,146.208
103.901,146.097
103.742,145.974
103.582,145.852
103.415,145.73
103.371,145.699
103.624,145.848
103.435,145.784
103.246,145.709
103.058,145.644
102.869,145.58
102.68,145.504
102.491,145.44
102.303,145.376
102.114,145.311
101.976,145.254
102.114,145.311
101.912,145.281
101.717,145.251
101.522,145.21
101.32,145.18
101.125,145.15
100.923,145.12
100.727,145.078
100.533,145.048
100.33,145.018
100.347,145.017
100.322,145.019
100.121,145.011
99.9203,145.004
99.7193,144.997
99.5183,144.989
99.3174,144.982
99.1165,144.974
98.9155,144.967
98.7145,144.959
98.5135,144.952
98.497,144.953
98.4886,144.954
98.2901,144.98
98.0909,144.995
97.8924,145.02
97.6939,145.046
97.4946,145.061
97.2962,145.087
97.0968,145.102
96.8984,145.128
96.6991,145.143
96.616,145.149
96.3088,145.172
96.1094,145.187
95.9101,145.202
95.7108,145.216
95.5107,145.22
95.3114,145.235
95.1121,145.25
94.9128,145.265
94.7135,145.279
94.505,145.284
94.7616,145.254
94.5142,145.294
94.3165,145.331
94.1189,145.369
93.9295,145.405
93.7319,145.442
93.5342,145.479
93.3366,145.516
93.139,145.553
92.9413,145.591
92.9571,145.578
92.7353,145.628
92.5385,145.677
92.3417,145.725
92.1441,145.762
91.9556,145.81
91.7579,145.847
91.5611,145.895
91.3642,145.943
91.1666,145.98
90.9781,146.028
90.8959,146.045
90.5164,146.107
90.3179,146.133
90.1194,146.159
89.9218,146.196
89.7233,146.222
89.5248,146.248
89.3264,146.274
89.1279,146.3
88.9302,146.337
88.7318,146.363
88.6903,146.366
88.1147,146.375
87.9138,146.368
87.7128,146.361
87.5118,146.353
87.3109,146.346
87.1174,146.326
86.9165,146.319
86.7155,146.312
86.5145,146.304
86.5643,146.3
85.9058,146.204
85.7182,146.151
85.523,146.109
85.327,146.056
85.1319,146.015
84.9359,145.962
84.7408,145.921
84.5456,145.879
84.3497,145.827
84.1545,145.785
84.1877,145.783
83.6654,145.609
83.4761,145.533
83.295,145.457
83.1057,145.382
82.9247,145.306
82.7354,145.23
82.5461,145.154
82.365,145.078
82.1757,145.003
82.1325,144.984
81.6268,144.696
81.4608,144.597
81.2939,144.486
81.1186,144.376
80.9518,144.265
80.7849,144.154
80.618,144.044
80.4511,143.933
80.2758,143.823
80.1089,143.712
79.9686,143.621
79.6049,143.335
79.4529,143.201
79.2936,143.078
79.1416,142.944
78.9897,142.809
78.8385,142.686
78.6866,142.552
78.5354,142.429
78.3752,142.295
78.2232,142.161
78.2232,142.161
77.9725,141.933
77.8288,141.798
77.6769,141.664
77.5324,141.518
77.3804,141.383
77.2368,141.249
77.0931,141.114
76.9412,140.979
76.7967,140.833
76.7793,140.823
76.5061,140.519
76.3691,140.361
76.2413,140.214
76.1126,140.055
75.9764,139.909
75.8485,139.761
75.7198,139.603
75.5836,139.456
75.6376,139.508
75.3038,139.063
75.1918,138.903
75.0789,138.732
74.9659,138.561
74.8538,138.402
74.7409,138.231
74.628,138.06
74.5159,137.9
74.5508,137.92
74.3856,137.72
74.2569,137.561
74.1365,137.402
74.0078,137.244
73.8791,137.085
73.7587,136.926
73.63,136.768
73.5104,136.62
73.4366,136.525
73.1767,136.062
73.0887,135.89
72.9999,135.706
72.9118,135.533
72.8147,135.35
72.7259,135.166
72.6378,134.993
72.6744,135.036
72.5117,134.756
72.4229,134.573
72.3266,134.401
72.2302,134.229
72.1331,134.045
72.0368,133.873
71.9397,133.69
71.8433,133.518
71.7545,133.334
71.7354,133.302
71.5677,132.956
71.4872,132.772
71.4067,132.587
71.3261,132.403
71.2456,132.218
71.1651,132.034
71.0845,131.85
71.004,131.665
70.9235,131.481
70.9808,131.577
70.8115,131.209
70.7309,131.025
70.6504,130.84
70.5699,130.656
70.4893,130.471
70.4087,130.287
70.3366,130.102
70.256,129.917
70.1755,129.733
70.2228,129.808
70.1265,129.636
70.0219,129.464
69.9173,129.293
69.8127,129.122
69.7072,128.939
69.6026,128.768
69.5063,128.596
69.4017,128.424
69.3627,128.349
69.2705,128.232
69.1584,128.073
69.038,127.914
68.9251,127.743
68.8047,127.584
68.6918,127.413
68.5715,127.254
68.4593,127.094
68.4037,127.02
68.3306,126.936
68.202,126.777
68.0741,126.63
67.9371,126.472
67.8092,126.325
67.6805,126.166
67.5527,126.019
67.4157,125.861
67.2878,125.714
67.2147,125.63
67.0395,125.408
66.9108,125.249
66.7822,125.091
66.6618,124.932
66.533,124.773
66.4135,124.625
66.2848,124.467
66.1561,124.309
66.0357,124.149
66.0091,124.129
65.8024,123.82
65.6903,123.66
65.5691,123.49
65.457,123.33
65.3441,123.159
65.232,123
65.1191,122.829
65.0062,122.658
64.9315,122.552
64.728,122.175
64.6317,122.003
64.5429,121.819
64.4549,121.646
64.3578,121.463
64.2689,121.279
64.2216,121.204
64.0332,120.692
63.9776,120.506
63.9128,120.309
63.8489,120.123
63.7924,119.926
63.7285,119.74
63.7269,119.718
63.6024,119.279
63.555,119.092
63.5069,118.894
63.4588,118.696
63.4023,118.499
63.355,118.312
63.3068,118.114
63.3268,118.157
63.2529,117.95
63.189,117.764
63.1243,117.567
63.0603,117.382
62.9956,117.185
62.9317,116.999
62.8677,116.813
62.7947,116.617
62.8038,116.628
62.8055,116.65
62.7084,116.467
62.612,116.295
62.5149,116.112
62.4269,115.939
62.3298,115.756
62.2335,115.584
62.1371,115.412
62.0483,115.228
62.0217,115.207
61.9171,115.036
61.8125,114.865
61.7079,114.693
61.6033,114.522
61.4987,114.35
61.3932,114.168
61.2886,113.996
61.184,113.825
61.1558,113.782
61.0719,113.665
60.9598,113.506
60.8386,113.335
60.7265,113.176
60.6144,113.016
60.4932,112.846
60.3812,112.686
60.2599,112.516
60.1478,112.356
60.0731,112.25
59.834,111.842
59.7377,111.67
59.6488,111.486
59.5525,111.314
59.4554,111.131
59.3591,110.959
59.2703,110.775
59.174,110.603
59.0768,110.42
59.1516,110.526
59.0303,110.356
58.9183,110.196
58.7979,110.037
58.6849,109.867
58.5728,109.707
58.4516,109.537
58.3395,109.377
58.2183,109.207
58.1519,109.1
58.0183,108.874
57.9136,108.703
57.8173,108.531
57.7119,108.348
57.6156,108.176
57.511,108.005
57.4146,107.833
57.3482,107.726
57.2436,107.554
57.139,107.383
57.0344,107.212
56.8999,106.975
56.7812,106.726
56.6932,106.554
56.6043,106.37
56.5637,106.272
56.4258,105.991
56.3453,105.807
56.2565,105.623
56.1759,105.439
56.0955,105.254
56.0066,105.07
55.9867,105.027
55.8887,104.833
55.7999,104.649
55.711,104.465
55.6231,104.292
55.5342,104.109
55.4462,103.936
55.3491,103.753
55.2603,103.569
55.1722,103.396
55.0933,103.234
54.9381,102.831
54.8742,102.646
54.8012,102.449
54.7372,102.264
54.6725,102.067
54.6086,101.881
54.577,101.794
54.4301,101.166
54.3986,100.967
54.3671,100.768
54.4459,101.042
54.3372,100.591
54.2974,100.392
54.2575,100.194
54.2683,100.226
54.1828,99.6392
54.1679,99.4387
54.153,99.2382
54.1298,99.0383
54.1149,98.8378
54.1231,98.8371
54.095,98.3464
54.0883,98.1453
54.09,97.9435
54.0834,97.7424
54.0768,97.5413
54.0834,97.5184
54.2189,96.6458
54.2796,96.4509
54.3402,96.256
54.3934,96.0728
54.3485,96.3674
54.3926,96.0617
54.4192,95.8581
54.4466,95.6656
54.4732,95.462
54.4998,95.2584
54.5272,95.066
54.543,94.9416
54.7125,94.4137
54.7897,94.2176
54.8595,94.0332
54.9293,93.8488
54.9991,93.6643
54.9808,93.7553
54.9991,93.6643
55.0265,93.4719
55.0614,93.2677
55.0972,93.0746
55.1329,92.8815
55.1246,92.8821
55.1437,92.6903
55.1711,92.4978
55.0906,92.6495
55.1354,92.5789
55.172,92.397
55.1895,92.2949
55.2742,91.9749
55.2559,92.0659
55.2642,92.0653
55.2642,92.0653
55.2725,92.0647
55.2725,92.0647
55.2808,92.064
55.2767,92.0084
55.275,91.9861
55.3581,91.6439
55.4104,91.4496
55.4545,91.2559
55.4312,91.392
55.4295,91.3697
55.4395,91.1674
55.4495,90.965
55.4595,90.7626
55.4703,90.5714
55.4886,90.3685
55.4986,90.1661
55.5086,89.9637
55.5178,89.8622
55.5061,89.9303
55.4829,89.7304
55.468,89.5299
55.4448,89.33
55.4298,89.1295
55.4066,88.9296
55.3917,88.7291
55.3685,88.5293
55.3643,88.4736
55.39,88.7069
55.3261,88.5212
55.2697,88.3238
55.2132,88.1264
55.1493,87.9407
55.0929,87.7433
54.9924,87.4035
55.0414,87.6127
54.9609,87.4283
54.8803,87.2439
54.7915,87.0601
54.7118,86.8868
54.6313,86.7024
54.5507,86.5179
54.52,86.4418
54.794,86.8695
54.6421,86.7352
54.4984,86.6003
54.354,86.4542
54.2103,86.3193
54.0667,86.1843
53.9222,86.0383
53.7785,85.9034
53.6257,85.7579
53.4995,85.6329
53.6797,85.8099
53.5045,85.6997
53.3376,85.5889
53.1707,85.4781
53.0038,85.3674
52.8378,85.2677
52.6709,85.1569
52.5039,85.0461
52.3287,84.936
52.3104,84.9149
52.2507,84.897
52.0763,84.798
51.8944,84.7107
51.7126,84.6234
51.5307,84.5361
51.3572,84.4482
51.1753,84.361
50.9935,84.2737
50.8457,84.1951
50.5409,84.0273
50.3749,83.9277
50.2005,83.8287
50.0261,83.7296
49.8517,83.6306
49.6774,83.5315
49.503,83.4325
49.3286,83.3335
49.2754,83.2927
48.9964,83.1342
48.8304,83.0345
48.6552,82.9244
48.4891,82.8247
48.3139,82.7146
48.1478,82.6149
47.9726,82.5047
47.7983,82.4057
47.6314,82.2949
47.4213,82.1649
46.8641,81.6352
46.7354,81.4767
46.6067,81.3183
46.4788,81.171
46.3501,81.0126
46.2223,80.8652
46.0936,80.7068
45.9649,80.5484
46.0189,80.6004
45.7839,80.3602
45.6477,80.2136
45.5115,80.0669
45.3671,79.9208
45.2309,79.7741
45.0956,79.6386
44.9511,79.4925
44.8149,79.3459
44.6787,79.1992
44.5243,79.0315
44.213,78.5506
44.1075,78.368
44.0112,78.196
43.9149,78.0239
43.8177,77.8408
43.7131,77.6693
43.6168,77.4973
43.5205,77.3252
43.4234,77.142
43.4416,77.1631
43.2715,76.8957
43.1668,76.7243
43.0622,76.5529
42.9576,76.3814
42.853,76.21
42.7484,76.0386
42.6438,75.8671
42.5392,75.6957
42.4346,75.5243
42.33,75.3529
42.2818,75.2668
42.1979,75.1499
42.085,74.9791
41.9729,74.8194
41.86,74.6486
41.7471,74.4778
41.6433,74.3175
41.5304,74.1467
41.4175,73.9759
41.3054,73.8162
41.2398,73.7203
41.1468,73.5928
41.0347,73.4331
40.9218,73.2623
40.8014,73.1032
40.6885,72.9324
40.5681,72.7734
40.4552,72.6026
40.3348,72.4435
40.2227,72.2838
40.1098,72.113
40.1563,72.1768
40.0741,72.0821
39.9463,71.9348
39.8092,71.777
39.6814,71.6297
39.5452,71.483
39.4165,71.3246
39.2886,71.1773
39.1516,71.0194
39.0238,70.8721
38.8867,70.7143
38.8959,70.7248
38.8519,70.6945
38.7074,70.5485
38.5555,70.4142
38.4118,70.2792
38.2682,70.1443
38.1237,69.9983
37.9717,69.864
37.8821,69.781
37.8107,69.7191
37.6587,69.5848
37.5068,69.4505
37.3556,69.3274
37.2037,69.1931
37.0517,69.0588
36.8998,68.9245
36.8915,68.9251
36.6399,68.6862
36.4962,68.5512
36.3518,68.4052
36.2156,68.2585
36.0719,68.1236
35.9275,67.9775
35.7838,67.8426
35.6393,67.6965
35.7274,67.7572
35.3786,67.4471
35.2258,67.3017
35.0822,67.1668
34.9377,67.0207
34.7941,66.8858
34.6504,66.7509
34.506,66.6048
34.6828,66.7373
34.3631,66.481
34.2112,66.3467
34.0592,66.2124
33.9081,66.0892
33.7479,65.9556
33.5959,65.8213
33.747,65.9444
33.4265,65.6771
33.2746,65.5428
33.1226,65.4084
32.9715,65.2853
32.8196,65.151
32.6676,65.0167
32.5156,64.8824
32.6402,64.9851
32.3911,64.7796
32.24,64.6565
32.088,64.5222
31.9278,64.3885
31.7767,64.2653
31.6247,64.131
31.4736,64.0079
31.3133,63.8742
31.1622,63.751
31.1531,63.7405
30.83,63.4397
30.6864,63.3048
30.5419,63.1587
30.3975,63.0127
30.2538,62.8777
30.1093,62.7317
29.9657,62.5968
29.8212,62.4507
29.9557,62.5751
29.7689,62.421
29.617,62.2867
29.465,62.1524
29.3139,62.0292
29.1619,61.8949
29.01,61.7606
28.8588,61.6374
28.7069,61.5031
28.5824,61.4004
28.5027,61.3391
28.3424,61.2054
28.183,61.0829
28.0318,60.9597
27.8724,60.8372
27.7121,60.7035
27.561,60.5803
27.4016,60.4578
27.1965,60.2826
27.0894,60.1898
26.9383,60.0666
26.7946,59.9317
26.6427,59.7974
26.4907,59.6631
26.3388,59.5288
26.1868,59.3945
26.0349,59.2602
25.9992,59.2293
25.9195,59.168
25.7592,59.0343
25.6081,58.9111
25.4487,58.7886
25.2884,58.6549
25.1373,58.5317
24.9779,58.4092
24.8259,58.2749
24.6665,58.1523
24.4971,58.0081
24.3277,57.8639
24.1758,57.7296
24.0238,57.5953
23.8727,57.4722
23.7207,57.3379
23.5688,57.2035
23.4176,57.0804
23.2657,56.9461
23.1138,56.8118
23.0689,56.7703
22.8821,56.6162
22.7218,56.4825
22.5707,56.3594
22.4187,56.2251
22.2676,56.1019
22.1074,55.9682
21.9562,55.845
21.8043,55.7107
21.6449,55.5882
21.6615,55.587
21.4124,55.3815
21.2687,55.2466
21.1168,55.1123
20.9648,54.9779
20.8137,54.8548
20.6618,54.7205
20.5181,54.5856
20.3662,54.4513
20.2142,54.317
20.2765,54.3683
20.0996,54.2359
19.9485,54.1127
19.7891,53.9902
19.6288,53.8565
19.4694,53.7339
19.31,53.6114
19.1505,53.4888
18.9994,53.3657
18.9637,53.3347
18.796,53.2128
18.6366,53.0903
18.4771,52.9677
18.3094,52.8458
18.15,52.7232
17.9906,52.6007
17.8311,52.4781
17.7514,52.4169
17.4649,52.1582
17.313,52.0239
17.1694,51.8889
17.0174,51.7546
16.8738,51.6197
16.7218,51.4854
16.5782,51.3505
16.6662,51.4112
16.5699,51.3511
16.4021,51.2292
16.2435,51.1178
16.0841,50.9952
15.9164,50.8733
15.7578,50.7619
15.5543,50.609
15.0703,50.0514
14.9499,49.8924
14.837,49.7215
14.7166,49.5625
14.6036,49.3917
14.4833,49.2326
14.3712,49.0729
14.6319,49.3224
14.5073,49.2196
14.3479,49.0971
14.1885,48.9745
14.0374,48.8514
13.8771,48.7177
13.7891,48.657
13.6471,48.5444
13.496,48.4212
13.3366,48.2987
13.1771,48.1761
13.0177,48.0536
12.8583,47.931
12.6989,47.8085
12.5021,47.6327
12.3427,47.5102
12.1907,47.3759
12.0396,47.2527
11.8793,47.119
11.7282,46.9959
11.5762,46.8616
11.4251,46.7384
11.2649,46.6047
11.2017,46.5422
10.9801,46.3683
10.8281,46.234
10.6762,46.0997
10.525,45.9765
10.3731,45.8422
10.2211,45.7079
10.07,45.5847
9.91806,45.4504
9.9712,45.4913
9.7852,45.3483
9.62578,45.2258
9.46636,45.1032
9.3144,44.9689
9.15497,44.8464
9.0487,44.7647
8.97812,44.7139
8.87265,44.6434
8.67752,44.4899
8.51728,44.3562
8.49071,44.3358
8.16688,44.0238
8.0224,43.8778
7.88623,43.7311
7.74258,43.5962
7.6064,43.4495
7.46193,43.3034
7.50676,43.3449
7.06422,42.7842
6.95962,42.6128
6.85501,42.4413
7.03685,42.6406
6.84669,42.442
6.71053,42.2953
6.65572,42.2322
6.74706,42.3374
6.58763,42.2148
6.4199,42.0929
6.26131,41.9815
5.94245,41.7364
5.93414,41.737
5.77473,41.6145
5.61529,41.4919
5.45586,41.3694
5.29728,41.258
5.24413,41.2171
5.38528,41.3186
5.20343,41.2313
5.02158,41.1441
4.83973,41.0568
4.56155,40.9095
4.62299,40.9497
4.43284,40.8631
4.25183,40.7869
4.06997,40.6997
3.88896,40.6235
3.6988,40.5369
3.56094,40.4799
3.5269,40.4713
3.3384,40.4069
3.1416,40.3431
2.95311,40.2787
2.7646,40.2144
2.5761,40.15
2.3876,40.0856
2.34442,40.0664
2.38844,40.0967
2.02389,40.0231
2.13517,40.0596
2.16755,40.046
2.16755,40.046
2.16755,40.046
2.16755,40.046
2.16755,40.046
2.16755,40.046
2.36434,40.1097
1.96658,40.0385
2.03052,40.0002
1.56681,36.2376
2.28549,39.8356
2.30876,39.6994
2.33948,39.6635
2.34614,39.6407
2.35362,39.6289
2.32952,39.6419
2.33037,39.653
2.06048,39.6171
2.12858,39.6344
1.93591,39.6264
1.73411,39.6078
1.53315,39.6003
1.33136,39.5818
1.13039,39.5743
0.928603,39.5557
0.735129,39.5365
0.702741,39.5501
0.50178,39.5427
0.299973,39.5241
0.0990093,39.5167
-0.101937,39.5092
-0.302918,39.5018
-0.462355,39.4912
-0.843506,39.4188
-1.03864,39.3773
-1.2338,39.3358
-1.42894,39.2943
-1.62325,39.264
-1.8184,39.2225
-2.02185,39.1817
-1.86989,39.204
-2.09741,39.1761
-2.30005,39.1464
-2.50266,39.1166
-2.69697,39.0863
-2.89878,39.0677
-3.05988,39.0349
-3.51991,38.9123
-3.71588,38.8597
-3.90438,38.7953
-4.09205,38.7421
-4.28885,38.6783
-4.22989,38.6851
-4.53549,38.6183
-4.72316,38.565
-4.91912,38.5124
-5.1151,38.4598
-5.31025,38.4183
-5.46388,38.3737
-5.86577,38.2468
-6.0551,38.1713
-6.2436,38.1069
-6.43211,38.0426
-6.62143,37.967
-6.80994,37.9027
-6.84482,37.8829
-7.01504,37.8395
-7.211,37.7869
-7.39867,37.7337
-7.59465,37.681
-7.79062,37.6284
-7.9783,37.5752
-8.21745,37.5034
-8.69244,37.2923
-8.87429,37.205
-9.04784,37.1171
-9.22969,37.0299
-9.40405,36.9308
-9.58591,36.8436
-9.4572,36.89
-9.63741,36.825
-9.82589,36.7606
-10.0144,36.6962
-10.2029,36.6319
-10.3922,36.5563
-10.5807,36.492
-10.8381,36.3991
-11.1138,36.2852
-11.2957,36.1979
-11.4775,36.1107
-11.6585,36.0345
-11.8404,35.9473
-12.0223,35.86
-11.9874,35.8798
-12.2465,35.7647
-12.4283,35.6774
-12.6093,35.6012
-12.7904,35.5251
-12.9722,35.4378
-12.9639,35.4372
-13.4156,35.202
-13.59,35.103
-13.7644,35.004
-13.9313,34.8932
-14.1057,34.7941
-13.8981,34.8907
-13.9662,34.8734
-14.163,34.8096
-14.3515,34.7452
-14.54,34.6809
-14.7285,34.6165
-14.9253,34.5527
-15.1652,34.4698
-15.4152,34.3652
-15.6054,34.2785
-15.7864,34.2024
-15.9674,34.1262
-16.1576,34.0396
-16.3386,33.9634
-16.5196,33.8873
-16.7098,33.8006
-16.8219,33.753
-17.3741,33.402
-17.5335,33.2795
-17.6929,33.157
-17.8523,33.0344
-18.0118,32.9119
-18.1712,32.7893
-18.1712,32.7893
-18.6071,32.4297
-18.7591,32.2954
-18.9027,32.1605
-19.0547,32.0262
-19.2066,31.8919
-19.3503,31.757
-19.5022,31.6227
-19.5827,31.5503
-19.9755,31.0978
-20.0959,30.9388
-20.2246,30.7804
-20.345,30.6213
-20.4654,30.4623
-20.4105,30.5254
-20.7576,30.0136
-20.8622,29.8421
-20.9668,29.6707
-21.0714,29.4993
-21.1761,29.3278
-21.2724,29.1558
-21.377,28.9844
-21.4816,28.813
-21.4924,28.7801
-21.7265,28.3271
-21.807,28.1427
-21.8875,27.9583
-21.9681,27.7739
-22.0486,27.5894
-22.1291,27.405
-22.2097,27.2206
-22.2902,27.0362
-22.2902,27.0362
-22.3906,26.8084
-22.4795,26.6246
-22.5683,26.4408
-22.6571,26.257
-22.7368,26.0837
-22.8257,25.8999
-22.9145,25.7161
-22.995,25.5317
-23.0739,25.3696
-23.176,25.1195
-23.2565,24.9351
-23.3288,24.7501
-23.4101,24.5545
-23.4823,24.3695
-23.5629,24.1851
-23.6351,24
-23.7073,23.815
-23.7065,23.8261
-23.8086,23.5761
-23.8808,23.3911
-23.9613,23.2066
-24.0419,23.0222
-24.1141,22.8372
-24.1946,22.6527
-24.2668,22.4677
-24.3474,22.2833
-24.4196,22.0982
-24.4694,21.9899
-24.6055,21.5072
-24.6537,21.3092
-24.7018,21.1112
-24.7491,20.9243
-24.7973,20.7262
-24.8454,20.5282
-24.8936,20.3302
-24.9409,20.1433
-24.989,19.9453
-24.9907,19.923
-25.072,19.3914
-25.0952,19.1915
-25.1101,18.991
-25.1333,18.7911
-25.1483,18.5906
-25.1715,18.3907
-25.1947,18.1908
-25.2096,17.9903
-25.2329,17.7904
-25.2561,17.5905
-25.2702,17.4012
-25.2427,16.7607
-25.2153,16.5682
-25.1887,16.3646
-25.1704,16.1616
-25.143,15.9692
-25.1163,15.7656
-25.0898,15.562
-25.0706,15.3702
-25.044,15.1666
-25.0174,14.963
-25.0116,14.9289
-24.8845,14.393
-24.8321,14.1987
-24.7715,14.0038
-24.7183,13.8206
-24.6577,13.6257
-24.597,13.4308
-24.5447,13.2364
-24.484,13.0415
-24.4317,12.8472
-24.3976,12.7439
-24.1377,12.1981
-24.0338,12.0223
-23.9375,11.8584
-23.8336,11.6826
-23.7381,11.5075
-23.6343,11.3318
-23.5388,11.1566
-23.435,10.9809
-23.3394,10.8058
-23.2356,10.63
-23.1401,10.4549
-23.0736,10.3379
-22.9549,10.1387
-22.8593,9.96358
-22.7555,9.78784
-22.66,9.61271
-22.5645,9.43758
-22.4606,9.26185
-22.3651,9.08673
-22.2696,8.91161
-22.1658,8.73587
-22.0702,8.56075
-22.0337,8.49082
-21.9232,8.29218
-21.8277,8.11707
-21.7322,7.94193
-21.6367,7.76681
-21.5411,7.59169
-21.4373,7.41595
-21.3418,7.24082
-21.2463,7.06571
-21.1507,6.89058
-21.0561,6.70432
-20.9605,6.5292
-21.0029,6.63316
-20.909,6.43577
-20.831,6.25074
-20.7446,6.06509
-20.6573,5.89058
-20.571,5.70495
-20.4846,5.5193
-20.3974,5.3448
-20.311,5.15916
-20.2237,4.98465
-20.1374,4.799
-20.1731,4.88007
-20.1249,4.74208
-20.0551,4.55766
-19.9945,4.36274
-19.9247,4.17833
-19.8557,3.98279
-19.786,3.79838
-19.7245,3.61459
-19.6555,3.41905
-19.5858,3.23464
-19.5168,3.03908
-19.5102,3.01619
-19.4562,2.84416
-19.3947,2.66037
-19.334,2.46544
-19.2817,2.27113
-19.221,2.0762
-19.1596,1.89241
-19.0989,1.69748
-19.0383,1.50256
-18.9768,1.31877
-18.9162,1.12384
-18.897,1.04401
-18.8854,0.975935
-18.8414,0.782246
-18.789,0.587931
-18.745,0.394244
-18.701,0.200547
-18.6578,-0.00428316
-18.6137,-0.197975
-18.5614,-0.392281
-18.5173,-0.585975
-18.4525,-0.837217
-18.1909,-1.36073
-18.0954,-1.53585
-17.9915,-1.7116
-17.896,-1.88672
-17.8005,-2.06184
-17.6967,-2.23758
-17.6011,-2.4127
-17.4973,-2.58844
-17.592,-2.40217
-17.5347,-2.52965
-17.4649,-2.71406
-17.3877,-2.91023
-17.3179,-3.09464
-17.2398,-3.27966
-17.17,-3.46407
-17.0205,-3.81122
-16.4433,-4.47023
-16.2946,-4.6045
-16.1459,-4.73877
-15.9973,-4.87305
-15.8486,-5.00732
-15.6999,-5.1416
-15.876,-4.92688
-15.2897,-5.46335
-15.1236,-5.58773
-14.9566,-5.70096
-15.1834,-5.49367
-15.401,-5.38786
-15.3993,-5.36559
-15.2556,-5.45469
-14.4675,-5.97258
-14.8952,-5.66073
-14.5323,-5.94536
-14.3662,-6.06973
-14.2075,-6.18234
-14.0406,-6.29557
-13.8828,-6.41932
-13.7159,-6.53255
-13.5581,-6.6563
-13.3911,-6.76954
-12.8505,-7.02259
-12.6645,-7.10364
-12.4776,-7.17355
-12.2908,-7.24346
-12.1047,-7.32451
-12.1695,-7.29729
-11.7875,-7.43773
-11.6006,-7.50763
-11.4047,-7.56702
-11.2178,-7.63694
-11.0301,-7.69571
-11.0052,-7.69756
-10.5983,-7.83985
-10.4023,-7.89924
-10.2146,-7.95802
-10.0269,-8.01679
-9.83093,-8.07618
-9.64325,-8.13495
-9.44643,-8.1832
-9.25875,-8.24197
-9.3966,-8.18691
-9.06359,-8.3125
-8.8676,-8.37189
-8.68074,-8.4418
-8.49306,-8.50057
-8.29707,-8.55996
-8.11021,-8.62987
-7.92253,-8.68864
-7.84945,-8.71648
-7.74398,-8.75793
-7.55795,-8.83898
-7.37193,-8.92003
-7.1859,-9.00108
-7.00818,-9.08151
-6.82215,-9.16256
-6.63613,-9.24361
-6.44927,-9.31352
-6.33633,-9.36673
-6.12622,-9.46077
-5.94767,-9.53007
-5.76164,-9.61112
-5.57561,-9.69217
-5.38959,-9.77322
-5.20273,-9.84313
-5.02501,-9.92356
-5.06487,-9.89819
-4.96937,-9.9613
-4.80078,-10.0523
-4.62472,-10.155
-4.44865,-10.2577
-4.28089,-10.3598
-4.10483,-10.4625
-3.92877,-10.5652
-3.76101,-10.6673
-3.6165,-10.7452
-3.39227,-10.8739
-3.2162,-10.9766
-3.04762,-11.0676
-2.87155,-11.1703
-2.69466,-11.2619
-2.5186,-11.3646
-2.34253,-11.4673
-2.17394,-11.5583
-1.99788,-11.661
-1.94971,-11.6869
-1.79773,-11.7767
-1.6225,-11.8905
-1.45474,-11.9926
-1.28781,-12.1058
-1.12005,-12.2079
-0.943983,-12.3106
-0.777054,-12.4239
-0.609295,-12.526
-0.433231,-12.6287
-0.354332,-12.6905
0.0418048,-12.8656
0.219525,-12.9461
0.405554,-13.0271
0.591578,-13.1082
0.777605,-13.1892
0.955327,-13.2697
1.14135,-13.3507
1.32738,-13.4318
1.51341,-13.5128
1.45693,-13.4862
2.01916,-13.6737
2.21514,-13.733
2.40366,-13.7807
2.59965,-13.8401
2.79646,-13.8883
2.98415,-13.9471
3.18096,-13.9953
3.36865,-14.0541
3.48325,-14.085
4.17833,-14.1704
4.37846,-14.1741
4.5869,-14.1784
4.78704,-14.1821
4.98634,-14.1969
5.18647,-14.2006
5.38661,-14.2043
5.58674,-14.208
5.78605,-14.2228
5.98618,-14.2265
6.18631,-14.2302
6.21123,-14.2321
6.84982,-14.1788
7.04496,-14.1373
7.24758,-14.1076
7.4419,-14.0772
7.63621,-14.0469
7.83884,-14.0172
8.03398,-13.9757
8.2366,-13.9459
8.43092,-13.9156
8.62523,-13.8853
8.73485,-13.871
9.53451,-13.5609
9.71636,-13.4736
9.89074,-13.3746
10.0643,-13.2867
10.247,-13.1883
10.4205,-13.1004
10.6032,-13.002
10.7767,-12.9141
10.9511,-12.8151
11.133,-12.7278
11.3074,-12.6288
11.4892,-12.5415
11.6636,-12.4424
11.7939,-12.3737
12.4009,-11.8477
12.5371,-11.701
12.6733,-11.5543
12.8094,-11.4076
12.9464,-11.2498
13.0826,-11.1031
13.2188,-10.9565
13.355,-10.8098
13.4911,-10.6631
13.6273,-10.5164
13.7635,-10.3697
13.8996,-10.2231
13.8996,-10.2231
14.2359,-9.74406
14.3405,-9.57263
14.4526,-9.41296
14.5572,-9.24153
14.6618,-9.0701
14.7664,-8.89867
14.8793,-8.72786
14.984,-8.55643
15.0886,-8.385
15.1932,-8.21357
15.2978,-8.04214
15.4107,-7.87133
15.5153,-7.6999
15.6008,-7.56066
15.8308,-6.93932
15.8781,-6.75242
15.9345,-6.55501
15.991,-6.35759
16.0466,-6.17132
16.0947,-5.97329
16.1512,-5.77587
16.2068,-5.58959
16.2632,-5.39218
16.3114,-5.19415
16.367,-5.00787
16.4234,-4.81045
16.4799,-4.61304
16.5272,-4.42614
16.5836,-4.22873
16.6401,-4.03131
16.6957,-3.84504
16.7438,-3.64701
16.8011,-3.21443
16.816,-3.01392
16.8392,-2.81403
16.8542,-2.61353
16.8691,-2.41303
16.8923,-2.21313
16.9072,-2.01263
16.9304,-1.81275
16.9454,-1.61223
16.9686,-1.41235
16.9835,-1.21184
17.0067,-1.01196
17.0217,-0.811448
17.0449,-0.611565
17.0598,-0.411058
17.083,-0.211171
17.093,-0.0774961
17.117,0.133522
17.1403,0.333413
17.1635,0.533305
17.1867,0.733183
17.2099,0.93308
17.2332,1.13296
17.2481,1.33347
17.2713,1.53336
17.2945,1.73324
17.3178,1.93313
17.341,2.13301
17.3642,2.33291
17.3875,2.5328
17.4107,2.73268
17.4339,2.93257
17.4571,3.13246
17.4804,3.33234
17.482,3.35462
17.5036,3.42022
17.5434,3.61887
17.5907,3.80577
17.6306,4.00442
17.6787,4.20245
17.7269,4.40048
17.7667,4.59914
17.814,4.78603
17.8621,4.98406
17.902,5.18271
17.9501,5.38075
17.99,5.5794
18.0373,5.7663
18.0854,5.96433
18.1252,6.16298
18.1734,6.36102
18.2215,6.55905
18.2605,6.74656
18.3087,6.9446
18.3568,7.14262
18.3966,7.34127
18.3634,7.23174
18.3277,7.08878
18.4166,7.27258
18.5129,7.44464
18.6017,7.62844
18.698,7.80049
18.7869,7.98429
18.8832,8.15634
18.972,8.34014
19.0691,8.52332
19.1571,8.69599
19.2543,8.87918
19.3423,9.05184
19.4394,9.23503
19.5274,9.40769
19.6245,9.59088
19.7126,9.76355
19.8097,9.94673
19.8977,10.1194
19.9948,10.3026
20.0837,10.4864
20.18,10.6584
20.2688,10.8422
20.3651,11.0143
20.2995,10.9184
20.2331,10.8113
20.3693,10.958
20.5054,11.1046
20.6416,11.2513
20.7778,11.398
20.914,11.5447
21.051,11.7025
21.1871,11.8492
21.3233,11.9959
21.4595,12.1425
21.5956,12.2892
21.7318,12.4359
21.8763,12.5819
22.0125,12.7286
22.1486,12.8753
22.2848,13.022
22.421,13.1687
22.5571,13.3153
22.6933,13.462
22.8295,13.6087
22.9657,13.7554
23.1027,13.9132
23.2388,14.0599
23.375,14.2066
23.5112,14.3532
23.4124,14.2598
23.5012,14.3316
23.6523,14.4547
23.8118,14.5773
23.9637,14.7116
24.1231,14.8341
24.2751,14.9684
24.4345,15.091
24.5856,15.2141
24.7376,15.3485
24.897,15.471
25.049,15.6053
25.2084,15.7278
25.3603,15.8622
25.5198,15.9847
25.6709,16.1079
25.8228,16.2422
25.9823,16.3647
26.1342,16.499
26.2936,16.6216
26.4448,16.7447
26.605,16.8784
26.7561,17.0016
26.9164,17.1353
27.0675,17.2584
27.2186,17.3816
27.3789,17.5153
27.53,17.6384
27.6903,17.7721
27.8414,17.8953
28.0008,18.0178
28.1528,18.1521
28.3039,18.2753
28.2948,18.2648
28.5082,18.4393
28.6601,18.5736
28.8121,18.7079
28.9632,18.8311
29.1151,18.9654
29.2746,19.0879
29.4265,19.2222
29.5785,19.3565
29.7296,19.4797
29.8815,19.614
30.041,19.7365
30.1929,19.8708
30.3449,20.0051
30.496,20.1283
30.6479,20.2626
30.8074,20.3852
30.9593,20.5195
31.1113,20.6538
31.2624,20.7769
31.4226,20.9106
31.5738,21.0338
31.7257,21.1681
31.8768,21.2912
32.0288,21.4255
32.189,21.5592
32.3402,21.6824
32.4921,21.8167
32.6432,21.9399
32.7952,22.0742
32.9554,22.2078
33.1066,22.331
33.2585,22.4653
33.4096,22.5885
33.5616,22.7228
33.7218,22.8565
33.873,22.9796
34.0249,23.1139
34.176,23.2371
34.328,23.3714
34.4882,23.5051
34.6394,23.6283
34.7913,23.7626
34.8096,23.7836
34.9964,23.9377
35.1484,24.072
35.2995,24.1952
35.4514,24.3295
35.6034,24.4638
35.747,24.5987
35.899,24.733
36.0501,24.8562
36.2021,24.9905
36.354,25.1248
36.506,25.2591
36.6579,25.3934
36.809,25.5166
36.961,25.6509
37.1129,25.7852
37.2649,25.9195
37.4168,26.0538
37.568,26.1769
37.7199,26.3112
37.8719,26.4455
38.0238,26.5798
38.1675,26.7148
38.3186,26.8379
38.4705,26.9722
38.6225,27.1065
38.7744,27.2408
38.9255,27.364
39.0775,27.4983
39.2295,27.6326
39.3814,27.7669
39.5333,27.9012
39.6845,28.0244
39.8364,28.1587
39.9884,28.293
40.1403,28.4273
40.2923,28.5616
40.4351,28.6854
40.587,28.8197
40.739,28.954
40.891,29.0883
41.0429,29.2226
41.194,29.3458
41.346,29.48
41.4979,29.6144
41.6499,29.7487
41.8018,29.8829
41.953,30.0061
42.1049,30.1404
42.2568,30.2747
42.3465,30.3577
42.5433,30.5334
42.687,30.6684
42.8389,30.8027
42.9826,30.9376
43.1345,31.0719
43.2782,31.2068
43.4301,31.3411
43.5738,31.476
43.7257,31.6103
43.8785,31.7558
44.0221,31.8907
44.1741,32.025
44.3177,32.1599
44.4697,32.2942
44.6133,32.4291
44.7653,32.5635
44.9089,32.6984
45.0609,32.8327
45.2045,32.9676
45.3565,33.1019
45.5009,33.248
45.6529,33.3822
45.7965,33.5172
45.9485,33.6515
46.0922,33.7864
46.2441,33.9207
46.396,34.055
46.5397,34.1899
46.6917,34.3242
46.8353,34.4591
46.9873,34.5934
47.1309,34.7284
47.2837,34.8738
47.4273,35.0087
47.5793,35.143
47.7229,35.278
47.8749,35.4123
48.0185,35.5472
48.1705,35.6815
48.3141,35.8164
48.4661,35.9507
48.6097,36.0856
48.7617,36.2199
48.9144,36.3654
49.0581,36.5003
49.21,36.6346
49.3537,36.7695
49.5056,36.9038
49.6493,37.0388
49.8012,37.1731
49.9449,37.308
49.9631,37.329
50.1608,37.5159
50.3044,37.6508
50.4489,37.7969
50.5925,37.9318
50.737,38.0779
50.8806,38.2128
51.0251,38.3589
51.1688,38.4938
51.3124,38.6287
51.4569,38.7748
51.6005,38.9097
51.745,39.0558
51.8887,39.1907
52.0331,39.3367
52.1768,39.4717
52.3213,39.6177
52.4649,39.7526
52.6094,39.8987
52.753,40.0336
52.8892,40.1803
53.0329,40.3152
53.1765,40.4501
53.321,40.5962
53.4646,40.7311
53.6091,40.8772
53.7527,41.0121
53.8972,41.1582
54.0409,41.2931
54.1853,41.4392
54.329,41.5741
54.4735,41.7201
54.6171,41.855
54.7616,42.0011
54.9052,42.136
55.0489,42.271
55.1934,42.417
55.337,42.5519
55.4815,42.698
55.6251,42.8329
55.7696,42.979
55.9132,43.1139
56.0577,43.2599
56.2014,43.3949
56.3458,43.5409
56.4895,43.6759
56.634,43.8219
56.7776,43.9568
56.9221,44.1029
57.0657,44.2378
57.2094,44.3728
57.3538,44.5188
57.4975,44.6537
57.642,44.7998
57.7591,44.9143
57.9226,45.0925
58.0671,45.2386
58.2033,45.3853
58.3394,45.5319
58.4748,45.6675
58.6193,45.8135
58.7554,45.9602
58.8916,46.1069
59.0278,46.2536
59.1723,46.3996
59.3084,46.5463
59.4446,46.693
59.5891,46.8391
59.7252,46.9857
59.8614,47.1324
59.9976,47.2791
60.1421,47.4252
60.2782,47.5718
60.4136,47.7074
60.5497,47.8541
60.6942,48.0001
60.8304,48.1468
60.9666,48.2935
61.1027,48.4401
61.2472,48.5862
61.3834,48.7329
61.5195,48.8796
61.6557,49.0262
61.8002,49.1723
61.9364,49.319
62.0725,49.4656
62.2079,49.6012
62.3524,49.7472
62.4885,49.8939
62.6247,50.0406
62.7609,50.1873
62.9053,50.3334
63.0415,50.48
63.1777,50.6267
63.3139,50.7734
63.4583,50.9195
63.5945,51.0661
63.7307,51.2128
63.8668,51.3595
64.0113,51.5055
64.1467,51.6411
64.2828,51.7878
64.419,51.9344
64.5635,52.0805
64.6996,52.2272
64.8358,52.3739
64.9263,52.4679
65.0899,52.6462
65.2261,52.7929
65.3623,52.9395
65.4984,53.0862
65.6354,53.244
65.7716,53.3907
65.9078,53.5374
66.0439,53.6841
66.1801,53.8307
66.3163,53.9774
66.4524,54.1241
66.5803,54.2714
66.7165,54.4181
66.8535,54.5759
66.9897,54.7226
67.1258,54.8693
67.262,55.0159
67.3982,55.1626
67.5343,55.3093
67.6705,55.4559
67.8067,55.6026
67.9428,55.7493
68.0798,55.9071
68.216,56.0538
68.3522,56.2005
68.4884,56.3471
68.6245,56.4939
68.7607,56.6405
68.8969,56.7872
69.0247,56.9345
69.1618,57.0923
69.2979,57.239
69.4341,57.3857
69.5703,57.5323
69.7064,57.679
69.8426,57.8257
69.9788,57.9724
70.115,58.119
70.2511,58.2657
70.3881,58.4236
70.5243,58.5702
70.6605,58.7169
70.7966,58.8636
70.9328,59.0103
71.069,59.157
71.2051,59.3036
71.333,59.4509
71.4692,59.5976
71.6062,59.7554
71.7424,59.9021
71.7689,59.9225
71.9425,60.1224
72.0712,60.2809
72.199,60.4282
72.3277,60.5866
72.4564,60.745
72.5926,60.8917
72.7213,61.0501
72.8492,61.1974
72.9778,61.3559
73.1057,61.5032
73.2344,61.6616
73.3706,61.8083
73.4993,61.9667
73.628,62.1252
73.7558,62.2725
73.8845,62.4309
74.0124,62.5782
74.1494,62.736
74.2773,62.8833
74.406,63.0417
74.5338,63.189
74.6625,63.3475
74.7912,63.5059
74.9274,63.6526
75.0561,63.811
75.184,63.9583
75.3126,64.1168
75.4405,64.264
75.5692,64.4225
75.7054,64.5692
75.8341,64.7276
75.9628,64.886
76.0906,65.0333
76.2193,65.1917
76.3472,65.3391
76.4842,65.4969
76.6121,65.6442
76.7408,65.8026
76.8686,65.9499
76.9973,66.1083
77.126,66.2668
77.2622,66.4135
77.3909,66.5719
77.5187,66.7192
77.6474,66.8776
77.7753,67.0249
77.904,67.1834
78.0402,67.33
78.105,67.4148
78.2893,67.6475
78.4097,67.8066
78.5301,67.9656
78.6587,68.1241
78.7792,68.2831
78.8996,68.4422
79.0282,68.6006
79.1486,68.7597
79.269,68.9187
79.3977,69.0772
79.5181,69.2362
79.6385,69.3952
79.7672,69.5537
79.8876,69.7127
80.008,69.8718
80.1367,70.0302
80.2571,70.1893
80.3775,70.3483
80.5062,70.5068
80.6266,70.6658
80.7469,70.8249
80.8756,70.9833
80.996,71.1424
81.1164,71.3014
81.2368,71.4605
81.3655,71.6189
81.4859,71.778
81.6063,71.937
81.735,72.0954
81.8554,72.2545
81.9758,72.4136
82.1045,72.572
82.2248,72.7311
82.3452,72.8901
82.4739,73.0486
82.5943,73.2076
82.7147,73.3666
82.8434,73.5251
82.9638,73.6841
83.0842,73.8432
83.2129,74.0016
83.3333,74.1607
83.4537,74.3197
83.5824,74.4782
83.7028,74.6372
83.8232,74.7963
83.9519,74.9547
84.0723,75.1137
84.1636,75.219
84.313,75.4319
84.4334,75.5909
84.5546,75.7611
84.6667,75.9208
84.7871,76.0798
84.9083,76.25
85.0287,76.4091
85.1408,76.5687
85.2612,76.7278
85.3824,76.898
85.5028,77.0571
85.6149,77.2168
85.7353,77.3758
85.8565,77.546
85.9769,77.705
86.089,77.8647
86.2102,78.0349
86.3306,78.1939
86.451,78.353
86.5631,78.5127
86.6843,78.6829
86.8047,78.8419
86.9251,79.001
87.038,79.1718
87.1584,79.3308
87.2788,79.4899
87.3992,79.649
87.5121,79.8197
87.6325,79.9788
87.7529,80.1379
87.8733,80.2969
87.9862,80.4677
88.1066,80.6268
88.227,80.7858
88.3482,80.956
88.4603,81.1157
88.5807,81.2748
88.7011,81.4338
88.8223,81.604
88.9344,81.7637
89.0548,81.9227
89.1751,82.0818
89.2964,82.252
89.4085,82.4116
89.5288,82.5707
89.6501,82.7409
89.7705,82.8999
89.8826,83.0596
90.003,83.2187
90.1242,83.3888
90.2362,83.5486
90.2636,83.5801
90.414,83.8041
90.5343,83.9632
90.6473,84.134
90.7593,84.2937
90.8722,84.4645
90.9843,84.6242
91.1056,84.7943
91.2177,84.954
91.3306,85.1248
91.4427,85.2845
91.5556,85.4553
91.676,85.6144
91.7889,85.7852
91.9009,85.9449
92.0139,86.1157
92.126,86.2753
92.2472,86.4455
92.3593,86.6052
92.4722,86.776
92.5843,86.9357
92.7055,87.1059
92.8176,87.2655
92.9305,87.4363
93.0426,87.596
93.1555,87.7668
93.2767,87.937
93.3888,88.0967
93.5017,88.2675
93.6138,88.4272
93.7267,88.598
93.8471,88.757
93.96,88.9278
94.0721,89.0875
94.1851,89.2583
94.2971,89.418
94.4184,89.5882
94.5304,89.7479
94.6433,89.9187
94.7555,90.0784
94.8683,90.2492
94.9887,90.4082
95.1016,90.5791
95.2138,90.7387
95.3266,90.9095
95.4388,91.0692
95.56,91.2394
95.6721,91.399
95.785,91.5699
95.8971,91.7295
96.01,91.9003
96.1303,92.0594
96.1403,92.0811
96.2815,92.2946
96.3944,92.4654
96.5073,92.6362
96.6111,92.7965
96.724,92.9673
96.8369,93.1381
96.949,93.2978
97.0536,93.4692
97.1665,93.64
97.2795,93.8108
97.3915,93.9705
97.5045,94.1413
97.6091,94.3127
97.7212,94.4724
97.8341,94.6432
97.947,94.814
98.0508,94.9743
98.1637,95.1451
98.2766,95.316
98.3895,95.4867
98.4933,95.6471
98.6062,95.8179
98.7191,95.9887
98.8312,96.1483
98.9441,96.3191
99.0488,96.4906
99.1617,96.6614
99.2738,96.821
99.3867,96.9919
99.4913,97.1633
99.6034,97.323
99.7163,97.4938
99.8292,97.6646
99.933,97.8249
100.046,97.9957
100.159,98.1665
100.272,98.3373
100.376,98.4976
100.488,98.6684
100.601,98.8392
100.713,98.9989
100.826,99.1697
100.931,99.3411
101.044,99.5119
101.156,99.6716
101.194,99.736
101.336,99.9606
101.441,100.132
101.545,100.303
101.65,100.475
101.755,100.646
101.859,100.818
101.964,100.989
102.068,101.161
102.181,101.331
102.286,101.503
102.391,101.674
102.495,101.846
102.6,102.017
102.704,102.189
102.809,102.36
102.914,102.531
103.018,102.703
103.123,102.874
103.236,103.045
103.34,103.217
103.445,103.388
103.55,103.559
103.654,103.731
103.759,103.902
103.863,104.074
103.967,104.234
104.072,104.405
104.176,104.577
104.281,104.748
104.394,104.919
104.499,105.09
104.603,105.262
104.708,105.433
104.812,105.605
104.917,105.776
105.022,105.948
105.126,106.119
105.231,106.291
105.335,106.462
105.439,106.622
105.555,106.826
105.659,106.998
105.764,107.169
105.86,107.341
105.965,107.513
106.069,107.684
106.174,107.856
106.279,108.027
106.375,108.199
106.48,108.371
106.585,108.553
106.69,108.725
106.786,108.897
106.891,109.068
106.995,109.239
107.1,109.411
107.204,109.582
107.301,109.754
107.405,109.926
107.51,110.097
107.615,110.28
107.712,110.452
107.816,110.623
107.921,110.795
108.026,110.966
108.13,111.138
108.226,111.31
108.331,111.481
108.436,111.652
108.54,111.824
108.646,112.006
108.742,112.179
108.847,112.35
108.951,112.521
109.056,112.693
109.152,112.865
109.151,112.854
109.265,113.036
109.378,113.206
109.483,113.378
109.595,113.549
109.7,113.72
109.812,113.88
109.917,114.051
110.03,114.222
110.134,114.393
110.247,114.564
110.351,114.725
110.464,114.895
110.569,115.067
110.681,115.238
110.786,115.409
110.899,115.58
111.003,115.74
111.116,115.911
111.22,116.082
111.333,116.253
111.438,116.425
111.55,116.584
111.654,116.756
111.767,116.927
111.872,117.098
111.985,117.269
112.089,117.429
112.202,117.6
112.306,117.771
112.419,117.942
112.457,118.006
112.57,118.177
112.683,118.348
112.795,118.508
112.908,118.679
113.013,118.85
113.126,119.021
113.238,119.18
113.351,119.351
113.464,119.522
113.567,119.682
113.68,119.853
113.793,120.024
113.905,120.184
114.018,120.355
114.123,120.526
114.235,120.686
114.348,120.856
114.461,121.027
114.574,121.198
114.678,121.358
114.79,121.529
114.903,121.7
115.015,121.86
115.128,122.03
115.233,122.202
115.345,122.362
115.458,122.532
115.383,122.426
115.456,122.51
115.585,122.668
115.713,122.816
115.842,122.974
115.97,123.133
116.098,123.28
116.227,123.438
116.355,123.586
116.492,123.744
116.62,123.902
116.748,124.049
116.877,124.208
117.005,124.355
117.134,124.513
117.262,124.672
117.39,124.819
117.519,124.978
117.647,125.125
117.775,125.283
117.904,125.442
118.032,125.589
118.161,125.747
118.288,125.895
118.425,126.053
118.454,126.095
118.591,126.253
118.719,126.4
118.847,126.559
118.975,126.706
119.112,126.864
119.24,127.011
119.369,127.17
119.505,127.316
119.634,127.475
119.761,127.622
119.89,127.781
120.026,127.927
120.155,128.086
120.283,128.233
120.412,128.391
120.548,128.538
120.676,128.696
120.804,128.844
120.933,129.002
121.069,129.149
121.024,129.107
121.224,129.328
121.353,129.486
121.481,129.633
121.61,129.792
121.746,129.939
121.875,130.097
122.002,130.244
122.139,130.402
122.267,130.549
122.396,130.708
122.532,130.855
122.661,131.013
122.789,131.16
122.917,131.319
123.054,131.465
123.182,131.624
123.31,131.771
123.447,131.929
123.575,132.076
123.704,132.235
123.832,132.382
123.969,132.54
123.995,132.56
124.17,132.782
124.299,132.941
124.419,133.1
124.548,133.258
124.669,133.417
124.797,133.576
124.926,133.734
125.045,133.882
125.174,134.041
125.295,134.2
125.423,134.358
125.552,134.517
125.672,134.676
125.801,134.834
125.921,134.982
126.049,135.14
126.17,135.299
126.298,135.458
126.427,135.616
126.547,135.775
126.676,135.934
126.797,136.093
126.924,136.24
127.053,136.399
127.174,136.558
127.302,136.716
127.311,136.727
127.557,137.111
127.662,137.283
127.766,137.454
127.871,137.626
127.976,137.797
128.08,137.969
128.185,138.14
128.289,138.312
128.394,138.483
128.499,138.654
128.603,138.826
128.7,139.009
128.805,139.18
128.91,139.352
129.014,139.523
129.119,139.695
129.223,139.866
129.328,140.038
129.433,140.209
129.537,140.38
129.642,140.552
129.746,140.723
129.851,140.895
129.947,141.067
130.052,141.238
130.157,141.41
130.261,141.581
130.195,141.474
130.27,141.58
130.398,141.739
130.519,141.898
130.647,142.056
130.768,142.215
130.888,142.375
131.017,142.533
131.137,142.692
131.258,142.851
131.386,143.009
131.507,143.169
131.635,143.327
131.756,143.486
131.876,143.645
132.005,143.803
132.125,143.963
132.246,144.122
132.374,144.28
132.494,144.428
132.623,144.586
132.743,144.745
132.863,144.905
132.992,145.063
133.094,145.201
133.215,145.36
133.335,145.519
133.464,145.677
133.584,145.837
133.704,145.996
133.825,146.155
133.946,146.325
134.066,146.484
134.195,146.642
134.316,146.801
134.436,146.96
134.556,147.119
134.677,147.279
134.805,147.437
134.926,147.596
135.046,147.755
135.167,147.914
135.287,148.073
135.416,148.232
135.528,148.391
135.657,148.561
135.778,148.72
135.89,148.88
136.011,149.05
136.131,149.209
136.252,149.368
136.364,149.528
136.485,149.698
136.605,149.857
136.726,150.016
136.846,150.175
136.959,150.346
137.08,150.505
137.2,150.664
137.321,150.834
137.442,150.993
137.554,151.153
137.755,151.507
137.852,151.679
137.948,151.851
138.045,152.035
138.141,152.207
138.239,152.39
138.335,152.562
138.431,152.734
138.528,152.917
138.625,153.089
138.721,153.261
138.818,153.444
138.914,153.616
138.876,153.552
138.98,153.712
139.085,153.884
139.197,154.055
139.302,154.226
139.407,154.398
139.511,154.569
139.624,154.74
139.728,154.9
139.833,155.072
139.937,155.243
140.05,155.414
140.155,155.585
140.259,155.757
140.372,155.927
140.477,156.099
140.582,156.27
140.686,156.442
140.799,156.612
140.837,156.677
140.969,156.88
141.082,157.051
141.187,157.222
141.299,157.382
141.403,157.553
141.516,157.724
141.629,157.895
141.734,158.066
141.846,158.226
141.951,158.397
142.064,158.568
142.168,158.74
142.28,158.899
142.393,159.07
142.498,159.241
142.611,159.412
142.715,159.584
142.827,159.743
142.932,159.915
143.045,160.086
143.158,160.256
143.168,160.278
143.321,160.536
143.425,160.707
143.53,160.878
143.626,161.05
143.731,161.222
143.835,161.393
143.932,161.577
144.037,161.748
144.142,161.919
144.238,162.091
144.343,162.263
144.447,162.434
144.544,162.606
144.649,162.789
144.754,162.96
144.85,163.132
144.954,163.304
145.059,163.475
145.155,163.647
145.26,163.819
145.366,164.001
145.462,164.173
145.481,164.206
145.605,164.409
145.717,164.58
145.822,164.751
145.927,164.923
146.031,165.094
146.136,165.266
146.241,165.437
146.345,165.609
146.45,165.78
146.554,165.951
146.659,166.123
146.764,166.294
146.868,166.466
146.973,166.637
147.077,166.809
147.182,166.98
147.295,167.151
147.4,167.322
147.504,167.494
147.609,167.665
147.713,167.836
147.818,168.008
147.827,168.018
147.951,168.222
148.055,168.393
148.16,168.565
148.265,168.736
148.369,168.908
148.474,169.079
148.579,169.251
148.683,169.422
148.788,169.593
148.892,169.765
148.997,169.936
149.093,170.108
149.198,170.28
149.303,170.451
149.407,170.623
149.512,170.794
149.616,170.966
149.721,171.137
149.826,171.308
149.93,171.48
150.035,171.651
150.139,171.823
150.244,171.994
150.35,172.177
150.415,172.273
150.521,172.455
150.625,172.627
150.73,172.798
150.834,172.969
150.939,173.141
151.044,173.312
151.148,173.484
151.253,173.655
151.357,173.827
151.462,173.998
151.567,174.169
151.671,174.341
151.776,174.512
151.88,174.684
151.985,174.855
152.09,175.027
152.194,175.198
152.299,175.369
152.404,175.541
152.508,175.712
152.613,175.884
152.717,176.055
152.822,176.227
152.927,176.398
152.955,176.441
153.089,176.666
153.193,176.837
153.299,177.02
153.395,177.192
153.499,177.363
153.604,177.535
153.7,177.707
153.805,177.878
153.91,178.05
154.007,178.233
154.111,178.404
154.216,178.576
154.312,178.748
154.417,178.919
154.521,179.091
154.618,179.263
154.723,179.445
154.828,179.617
154.924,179.789
155.029,179.96
154.963,179.864
154.943,179.821
155.079,179.968
155.207,180.115
155.344,180.273
155.472,180.42
155.609,180.578
155.737,180.725
155.873,180.872
156.002,181.03
156.138,181.177
156.267,181.335
156.395,181.483
156.531,181.629
156.495,181.598
156.44,181.535
156.6,181.658
156.767,181.78
156.926,181.891
157.085,182.014
157.245,182.136
157.412,182.247
157.571,182.37
157.731,182.492
157.898,182.614
157.934,182.645
158.562,183.002
158.589,183.033
158.666,183.061
158.84,183.149
159.022,183.236
159.204,183.323
159.248,183.354
159.42,183.431
159.603,183.529
159.785,183.616
159.959,183.704
160.14,183.791
160.322,183.879
160.504,183.966
160.678,184.054
160.859,184.141
161.042,184.239
161.285,184.356
161.636,184.587
161.803,184.698
161.961,184.809
162.129,184.931
162.296,185.042
162.463,185.153
162.622,185.264
162.789,185.386
162.956,185.497
163.123,185.608
163.282,185.73
163.449,185.841
163.616,185.952
163.783,186.063
163.836,186.104
164.212,186.445
164.357,186.591
164.501,186.726
164.645,186.872
164.789,187.007
164.933,187.153
165.069,187.289
165.213,187.435
165.357,187.57
165.501,187.716
165.645,187.851
165.789,187.997
165.807,188.007
166.12,188.409
166.241,188.568
166.361,188.727
166.482,188.886
166.603,189.056
166.715,189.216
166.835,189.375
166.956,189.534
167.077,189.704
167.197,189.863
167.309,190.023
167.43,190.182
167.551,190.352
167.672,190.511
167.792,190.671
167.904,190.83
168.025,191
168.146,191.159
168.266,191.319
168.369,191.468
168.538,191.724
168.651,191.895
168.756,192.066
168.86,192.238
168.973,192.408
169.078,192.58
169.183,192.751
169.296,192.922
169.399,193.082
169.512,193.253
169.617,193.424
169.721,193.596
169.834,193.767
169.939,193.938
170.052,194.109
170.156,194.269
170.26,194.441
170.373,194.611
170.478,194.783
170.582,194.954
170.695,195.125
170.8,195.297
170.913,195.467
171.017,195.628
171.121,195.799
171.234,195.97
171.339,196.141
171.424,196.281
171.589,196.582
171.686,196.765
171.774,196.938
171.871,197.121
171.959,197.294
172.056,197.477
172.144,197.65
172.241,197.833
172.329,198.005
172.426,198.189
172.514,198.361
172.612,198.544
172.7,198.728
172.797,198.9
172.886,199.084
172.982,199.256
173.071,199.44
173.167,199.612
173.256,199.796
173.352,199.968
173.441,200.152
173.537,200.324
173.626,200.508
173.723,200.691
173.811,200.863
173.908,201.047
173.996,201.219
174.093,201.402
174.182,201.586
174.333,201.922
174.406,202.118
174.478,202.304
174.558,202.488
174.631,202.673
174.703,202.858
174.783,203.042
174.856,203.227
174.929,203.424
175.009,203.608
175.081,203.793
175.154,203.978
175.234,204.163
175.306,204.348
175.379,204.544
175.452,204.729
175.532,204.913
175.604,205.098
175.677,205.283
175.757,205.468
175.83,205.664
175.902,205.849
175.983,206.033
176.055,206.218
176.127,206.404
176.208,206.588
176.28,206.773
176.353,206.969
176.425,207.154
176.506,207.339
176.578,207.524
176.65,207.709
176.68,207.774
176.778,208.08
176.835,208.277
176.891,208.475
176.947,208.661
177.011,208.858
177.067,209.044
177.123,209.242
177.179,209.428
177.236,209.625
177.3,209.822
177.356,210.008
177.412,210.206
177.468,210.392
177.533,210.589
177.588,210.775
177.645,210.972
177.701,211.17
177.757,211.356
177.822,211.553
177.877,211.739
177.934,211.937
177.99,212.134
178.054,212.32
178.11,212.517
178.166,212.703
178.222,212.901
178.286,213.087
178.343,213.284
178.399,213.481
178.455,213.668
178.511,213.865
178.575,214.051
178.632,214.248
178.687,214.434
178.744,214.632
178.809,214.829
178.864,215.015
178.897,215.124
178.959,215.389
178.999,215.587
179.047,215.785
179.094,215.972
179.142,216.17
179.182,216.369
179.23,216.567
179.278,216.765
179.317,216.953
179.366,217.151
179.414,217.349
179.453,217.547
179.502,217.745
179.549,217.932
179.589,218.131
179.637,218.329
179.685,218.527
179.733,218.725
179.772,218.912
179.82,219.11
179.868,219.308
179.908,219.507
179.956,219.705
180.004,219.892
180.044,220.091
180.092,220.289
180.14,220.487
180.179,220.674
180.227,220.872
180.275,221.07
180.323,221.268
180.363,221.467
180.41,221.654
180.459,221.852
180.498,222.051
180.546,222.249
180.595,222.447
180.607,222.502
180.656,222.711
180.695,222.898
180.743,223.096
180.783,223.295
180.831,223.493
180.879,223.691
180.918,223.879
180.966,224.077
181.006,224.275
181.054,224.473
181.103,224.672
181.142,224.859
181.19,225.057
181.23,225.256
181.278,225.454
181.326,225.652
181.365,225.839
181.413,226.037
181.453,226.236
181.501,226.434
181.549,226.632
181.588,226.82
181.636,227.018
181.676,227.216
181.724,227.414
181.772,227.612
181.811,227.8
181.859,227.998
181.899,228.196
181.947,228.395
181.996,228.593
182.035,228.78
182.083,228.978
182.084,229
182.133,229.198
182.18,229.385
182.228,229.583
182.276,229.781
182.324,229.979
182.372,230.166
182.411,230.365
182.46,230.563
182.508,230.761
182.555,230.948
182.603,231.146
182.651,231.344
182.699,231.542
182.748,231.74
182.795,231.927
182.843,232.125
182.891,232.323
182.939,232.521
182.978,232.709
183.026,232.907
183.075,233.105
183.123,233.303
183.17,233.49
183.218,233.688
183.266,233.886
183.268,233.908
183.313,234.061
183.377,234.247
183.433,234.444
183.489,234.631
183.545,234.828
183.609,235.014
183.666,235.211
183.721,235.397
183.786,235.594
183.842,235.792
183.898,235.978
183.954,236.175
184.018,236.361
184.075,236.558
184.13,236.745
184.14,236.755
184.14,236.755
184.377,237.477
184.42,237.608
184.497,237.849
184.553,238.046
184.617,238.232
184.629,238.287
184.702,238.483
184.766,238.669
184.83,238.854
184.895,239.051
184.959,239.237
184.99,239.313
185.053,239.488
185.126,239.684
185.19,239.869
185.262,240.054
185.334,240.239
185.399,240.436
185.471,240.621
185.523,240.763
185.589,240.971
185.654,241.168
185.726,241.353
185.791,241.55
185.855,241.735
185.919,241.921
185.983,242.118
186.047,242.303
186.038,242.293
186.098,242.423
186.171,242.619
186.243,242.804
186.315,242.989
186.396,243.173
186.468,243.359
186.54,243.543
186.613,243.74
186.643,243.805
186.715,243.99
186.788,244.175
186.86,244.36
186.932,244.545
187.005,244.741
187.077,244.926
187.15,245.111
187.222,245.296
187.294,245.481
187.336,245.59
187.395,245.709
187.475,245.893
187.556,246.078
187.636,246.262
187.717,246.447
187.789,246.632
187.869,246.816
187.95,247.001
188.03,247.185
188.111,247.369
188.191,247.554
188.24,247.651
188.311,247.814
188.392,247.998
188.472,248.183
188.553,248.367
188.633,248.551
188.714,248.736
188.794,248.92
188.883,249.104
188.964,249.289
189.044,249.473
189.125,249.657
189.205,249.842
189.195,249.82
189.244,249.917
189.34,250.089
189.438,250.272
189.526,250.445
189.623,250.628
189.711,250.801
189.808,250.984
189.896,251.157
189.993,251.34
190.089,251.512
190.178,251.696
190.217,251.771
190.284,251.89
190.381,252.062
190.486,252.244
190.582,252.416
190.679,252.588
190.776,252.771
190.872,252.944
190.969,253.116
191.066,253.299
191.162,253.471
191.267,253.642
191.364,253.825
191.46,253.997
191.556,254.17
191.595,254.245
191.642,254.309
191.754,254.468
191.867,254.639
191.987,254.798
192.1,254.969
192.212,255.129
192.325,255.3
192.446,255.459
192.558,255.629
192.671,255.789
192.783,255.96
192.904,256.119
193.017,256.29
193.129,256.449
193.242,256.62
193.362,256.779
193.475,256.95
193.587,257.11
193.663,257.227
193.783,257.386
193.904,257.557
194.025,257.716
194.137,257.875
194.257,258.034
194.378,258.205
194.499,258.364
194.611,258.523
194.731,258.682
194.853,258.853
194.973,259.012
195.085,259.171
195.206,259.342
195.327,259.501
195.447,259.66
195.559,259.819
195.68,259.989
195.801,260.148
195.921,260.308
196.033,260.467
196.154,260.637
196.145,260.627
196.293,260.818
196.422,260.976
196.542,261.135
196.663,261.294
196.791,261.453
196.912,261.612
197.032,261.771
197.161,261.929
197.281,262.088
197.402,262.247
197.53,262.406
197.651,262.565
197.771,262.724
197.9,262.882
198.02,263.041
198.141,263.2
198.269,263.359
198.39,263.518
198.51,263.677
198.639,263.835
198.759,263.994
198.879,264.153
199.008,264.312
199.129,264.471
199.249,264.63
199.378,264.788
199.388,264.81
199.574,265.065
199.686,265.225
199.799,265.395
199.911,265.555
200.024,265.726
200.136,265.886
200.257,266.056
200.37,266.227
200.482,266.386
200.595,266.557
200.707,266.717
200.828,266.887
200.94,267.047
201.053,267.217
201.165,267.377
201.278,267.548
201.39,267.708
201.511,267.878
201.623,268.037
201.736,268.208
201.849,268.368
201.961,268.539
202.082,268.698
202.195,268.869
202.308,269.039
202.326,269.06
202.478,269.307
202.583,269.478
202.687,269.65
202.792,269.821
202.896,269.993
203.001,270.164
203.105,270.335
203.218,270.506
203.323,270.678
203.428,270.849
203.532,271.02
203.637,271.192
203.741,271.363
203.846,271.535
203.951,271.706
204.055,271.878
204.16,272.049
204.273,272.22
204.377,272.38
204.481,272.552
204.586,272.723
204.691,272.894
204.795,273.066
204.9,273.237
205.004,273.409
205.081,273.537
205.204,273.741
205.301,273.913
205.405,274.084
205.51,274.256
205.615,274.427
205.719,274.599
205.816,274.771
205.92,274.942
206.025,275.114
206.129,275.285
206.226,275.468
206.331,275.64
206.436,275.811
206.54,275.983
206.637,276.155
206.741,276.326
206.846,276.498
206.95,276.669
207.047,276.841
207.152,277.024
207.257,277.195
207.361,277.366
207.458,277.538
207.562,277.71
207.667,277.881
207.772,278.053
207.876,278.224
207.972,278.396
208.077,278.568
208.183,278.75
208.201,278.771
208.325,278.986
208.422,279.158
208.526,279.329
208.631,279.501
208.727,279.673
208.832,279.844
208.936,280.016
209.034,280.199
209.138,280.37
209.243,280.542
209.339,280.714
209.444,280.885
209.548,281.057
209.645,281.229
209.75,281.411
209.855,281.583
209.951,281.755
210.056,281.926
210.16,282.098
210.256,282.27
210.361,282.441
210.467,282.624
210.571,282.795
210.668,282.967
210.772,283.139
210.877,283.31
210.973,283.482
211.078,283.654
211.182,283.825
211.279,284.008
211.384,284.18
211.489,284.351
211.585,284.523
211.689,284.695
211.794,284.866
211.89,285.038
211.996,285.221
212.1,285.392
212.206,285.575
212.341,285.822
212.43,286.006
212.526,286.178
212.615,286.362
212.711,286.534
212.8,286.718
212.897,286.89
212.985,287.073
213.083,287.257
213.171,287.429
213.268,287.612
213.356,287.785
213.453,287.968
213.541,288.141
213.638,288.324
213.726,288.497
213.823,288.68
213.911,288.853
214.008,289.036
214.105,289.219
214.193,289.392
214.291,289.575
214.379,289.748
214.476,289.931
214.564,290.104
214.661,290.287
214.749,290.459
214.846,290.643
214.934,290.815
215.031,290.998
215.119,291.171
215.216,291.354
215.305,291.538
215.401,291.71
215.49,291.894
215.587,292.066
215.675,292.25
215.772,292.422
215.86,292.606
215.957,292.778
216.046,292.961
216.095,293.059
216.182,293.22
216.271,293.404
216.368,293.587
216.456,293.76
216.545,293.944
216.641,294.116
216.73,294.299
216.819,294.483
216.915,294.655
217.004,294.839
217.092,295.012
217.189,295.195
217.278,295.379
217.366,295.551
217.463,295.734
217.551,295.907
217.64,296.091
217.729,296.275
217.825,296.447
217.914,296.631
218.002,296.803
218.099,296.987
218.188,297.17
218.276,297.343
218.373,297.526
218.461,297.699
218.55,297.883
218.647,298.066
218.735,298.239
218.824,298.422
218.92,298.594
219.009,298.778
219.098,298.962
219.186,299.135
219.283,299.318
219.371,299.491
219.459,299.674
219.557,299.857
219.645,300.03
219.674,300.084
219.782,300.3
219.871,300.484
219.967,300.656
220.056,300.84
220.152,301.012
220.241,301.195
220.338,301.379
220.426,301.551
220.515,301.735
220.611,301.907
220.7,302.091
220.796,302.263
220.885,302.447
220.974,302.631
221.07,302.803
221.159,302.987
221.255,303.159
221.344,303.342
221.432,303.515
221.529,303.698
221.618,303.882
221.714,304.054
221.803,304.238
221.9,304.41
221.988,304.594
222.076,304.766
222.174,304.949
222.262,305.133
222.359,305.305
222.447,305.489
222.536,305.662
222.633,305.845
222.721,306.018
222.818,306.201
222.907,306.385
223.003,306.557
223.092,306.741
223.17,306.892
223.289,307.14
223.369,307.325
223.45,307.509
223.53,307.694
223.619,307.877
223.699,308.062
223.78,308.246
223.86,308.431
223.949,308.614
224.03,308.799
224.11,308.983
224.191,309.168
224.279,309.34
224.359,309.525
224.44,309.709
224.521,309.894
224.609,310.077
224.69,310.262
224.77,310.446
224.859,310.63
224.94,310.815
225.02,310.999
225.101,311.183
225.19,311.367
225.269,311.54
225.35,311.725
225.43,311.909
225.519,312.093
225.6,312.278
225.68,312.462
225.761,312.646
225.85,312.83
225.93,313.015
226.011,313.199
226.091,313.383
226.18,313.567
226.26,313.741
226.34,313.925
226.421,314.109
226.51,314.293
226.59,314.478
226.704,314.772
226.768,314.957
226.84,315.142
226.912,315.327
226.985,315.524
227.058,315.708
227.121,315.894
227.195,316.09
227.267,316.275
227.339,316.46
227.411,316.645
227.476,316.842
227.548,317.027
227.62,317.212
227.693,317.397
227.766,317.594
227.83,317.779
227.902,317.964
227.975,318.16
228.047,318.346
228.119,318.531
228.183,318.716
228.256,318.912
228.329,319.097
228.401,319.282
228.473,319.467
228.538,319.664
228.61,319.849
228.682,320.034
228.755,320.231
228.827,320.416
228.891,320.601
228.964,320.786
229.037,320.982
229.109,321.168
229.181,321.353
229.245,321.538
229.318,321.734
229.39,321.919
229.463,322.104
229.536,322.301
229.599,322.486
229.672,322.671
229.734,322.835
229.81,323.076
229.875,323.272
229.939,323.458
230.004,323.655
230.059,323.841
230.124,324.038
230.188,324.223
230.245,324.421
230.308,324.607
230.373,324.803
230.429,324.99
230.493,325.186
230.557,325.372
230.614,325.569
230.678,325.755
230.742,325.952
230.798,326.138
230.863,326.335
230.927,326.521
230.983,326.718
231.047,326.904
231.112,327.101
231.176,327.286
231.232,327.484
231.296,327.669
231.361,327.866
231.417,328.052
231.481,328.249
231.545,328.435
231.602,328.632
231.666,328.818
231.73,329.015
231.786,329.201
231.851,329.398
231.915,329.583
231.971,329.781
232.035,329.967
232.1,330.163
232.155,330.35
232.22,330.546
232.284,330.732
232.349,330.929
232.404,331.115
232.469,331.312
232.523,331.476
232.601,331.739
232.658,331.936
232.714,332.134
232.77,332.32
232.826,332.517
232.882,332.704
232.938,332.901
232.994,333.099
233.05,333.285
233.107,333.482
233.163,333.68
233.219,333.866
233.275,334.063
233.331,334.25
233.387,334.447
233.443,334.645
233.499,334.831
233.556,335.028
233.611,335.214
233.668,335.412
233.724,335.609
233.78,335.796
233.836,335.993
233.892,336.179
233.948,336.377
234.005,336.574
234.06,336.76
234.117,336.958
234.173,337.155
234.229,337.341
234.285,337.539
234.341,337.725
234.397,337.922
234.454,338.12
234.509,338.306
234.566,338.504
234.622,338.69
234.678,338.887
234.734,339.085
234.79,339.271
234.846,339.468
234.902,339.655
234.958,339.852
235.015,340.05
235.071,340.236
235.127,340.433
235.183,340.631
235.239,340.817
235.295,341.003
235.357,341.279
235.405,341.477
235.445,341.675
235.493,341.873
235.54,342.06
235.58,342.259
235.628,342.457
235.668,342.656
235.716,342.854
235.755,343.041
235.803,343.239
235.852,343.437
235.891,343.636
235.94,343.834
235.979,344.021
236.027,344.219
236.066,344.418
236.115,344.616
236.163,344.814
236.203,345.013
236.25,345.2
236.29,345.398
236.338,345.596
236.378,345.795
236.426,345.993
236.465,346.181
236.513,346.379
236.561,346.577
236.601,346.775
236.649,346.973
236.688,347.161
236.736,347.359
236.776,347.557
236.824,347.756
236.872,347.953
236.911,348.141
236.96,348.339
236.999,348.538
237.047,348.736
237.087,348.934
237.135,349.121
237.183,349.319
237.223,349.518
237.271,349.716
237.311,349.915
237.359,350.113
237.398,350.3
237.446,350.498
237.494,350.696
237.507,350.751
237.553,351.039
237.585,351.238
237.616,351.438
237.647,351.626
237.678,351.825
237.718,352.024
237.75,352.223
237.781,352.422
237.813,352.622
237.844,352.821
237.876,353.02
237.916,353.219
237.947,353.418
237.979,353.617
238.01,353.817
238.042,354.016
238.073,354.215
238.105,354.414
238.144,354.602
238.175,354.801
238.207,355
238.238,355.2
238.27,355.399
238.301,355.598
238.341,355.797
238.373,355.996
238.404,356.195
238.436,356.395
238.467,356.594
238.499,356.793
238.539,356.992
238.57,357.191
238.602,357.39
238.632,357.579
238.664,357.778
238.695,357.977
238.727,358.176
238.767,358.375
238.798,358.574
238.83,358.773
238.861,358.973
238.893,359.172
238.924,359.371
238.964,359.57
238.996,359.769
239.027,359.969
239.059,360.168
239.091,360.367
239.12,360.533
239.157,360.81
239.18,361.01
239.203,361.21
239.227,361.41
239.25,361.61
239.273,361.81
239.305,362.009
239.328,362.209
239.351,362.409
239.374,362.609
239.397,362.808
239.421,363.008
239.443,363.197
239.466,363.397
239.498,363.596
239.521,363.796
239.544,363.996
239.567,364.196
239.591,364.396
239.614,364.596
239.637,364.796
239.66,364.995
239.692,365.195
239.715,365.395
239.738,365.594
239.762,365.794
239.785,365.994
239.808,366.194
239.831,366.394
239.863,366.593
239.886,366.793
239.909,366.993
239.933,367.193
239.956,367.393
239.979,367.593
240.002,367.793
240.025,367.992
240.057,368.192
240.08,368.392
240.103,368.592
240.127,368.791
240.15,368.991
240.173,369.191
240.196,369.391
240.22,369.591
240.251,369.79
240.274,369.99
240.297,370.19
240.321,370.39
240.344,370.59
240.353,370.936
240.36,371.138
240.366,371.339
240.365,371.54
240.371,371.741
240.378,371.943
240.376,372.144
240.383,372.345
240.389,372.547
240.388,372.748
240.394,372.949
240.393,373.151
240.399,373.352
240.406,373.553
240.404,373.755
240.411,373.956
240.417,374.157
240.416,374.359
240.422,374.56
240.429,374.761
240.427,374.963
240.434,375.164
240.44,375.365
240.439,375.567
240.446,375.768
240.452,375.969
240.45,376.171
240.457,376.372
240.464,376.573
240.462,376.775
240.468,376.976
240.475,377.177
240.474,377.379
240.48,377.58
240.487,377.781
240.485,377.983
240.491,378.173
240.489,378.375
240.496,378.576
240.502,378.777
240.501,378.979
240.507,379.18
240.514,379.381
240.512,379.583
240.519,379.784
240.525,379.985
240.524,380.187
240.53,380.388
240.537,380.589
240.535,380.791
240.54,380.97
240.539,381.171
240.545,381.372
240.544,381.574
240.542,381.776
240.54,381.978
240.538,382.18
240.544,382.369
240.543,382.571
240.541,382.773
240.539,382.975
240.546,383.176
240.544,383.378
240.542,383.579
240.541,383.781
240.547,383.982
240.546,384.184
240.544,384.386
240.542,384.587
240.549,384.789
240.547,384.99
240.546,385.192
240.544,385.394
240.542,385.595
240.549,385.797
240.547,385.998
240.545,386.2
240.544,386.402
240.55,386.603
240.549,386.805
240.547,387.006
240.544,387.197
240.551,387.398
240.549,387.6
240.548,387.802
240.546,388.003
240.544,388.205
240.551,388.406
240.549,388.608
240.548,388.81
240.546,389.011
240.553,389.213
240.551,389.414
240.549,389.616
240.547,389.818
240.554,390.019
240.552,390.221
240.551,390.422
240.549,390.624
240.547,390.826
240.554,391.027
240.552,391.229
240.553,391.352
240.554,391.587
240.552,391.789
240.559,391.99
240.557,392.192
240.564,392.393
240.562,392.594
240.569,392.796
240.567,392.997
240.565,393.199
240.572,393.4
240.57,393.602
240.577,393.803
240.575,394.005
240.582,394.206
240.58,394.408
240.587,394.609
240.585,394.811
240.583,395.012
240.59,395.213
240.588,395.415
240.595,395.616
240.593,395.818
240.6,396.019
240.598,396.221
240.605,396.422
240.603,396.624
240.601,396.826
240.608,397.027
240.606,397.228
240.613,397.429
240.611,397.631
240.618,397.832
240.615,398.023
240.622,398.224
240.62,398.426
240.619,398.628
240.625,398.829
240.623,399.031
240.63,399.232
240.628,399.433
240.635,399.634
240.633,399.836
240.64,400.037
240.638,400.239
240.637,400.441
240.643,400.642
240.641,400.844
240.648,401.045
240.646,401.247
240.653,401.448
240.651,401.649
240.658,401.85
240.656,402.052
240.655,402.254
240.659,402.31
240.653,402.568
240.651,402.77
240.649,402.96
240.647,403.162
240.637,403.364
240.635,403.566
240.634,403.768
240.632,403.969
240.63,404.171
240.62,404.373
240.619,404.575
240.617,404.777
240.615,404.979
240.605,405.181
240.604,405.383
240.602,405.585
240.599,405.775
240.598,405.977
240.588,406.179
240.586,406.381
240.584,406.583
240.583,406.785
240.581,406.986
240.571,407.189
240.569,407.39
240.568,407.592
240.566,407.794
240.556,407.996
240.554,408.198
240.553,408.4
240.551,408.601
240.548,408.792
240.538,408.994
240.537,409.196
240.535,409.398
240.533,409.6
240.523,409.802
240.522,410.004
240.52,410.205
240.518,410.407
240.517,410.609
240.506,410.811
240.505,411.013
240.503,411.215
240.501,411.417
240.499,411.607
240.489,411.81
240.487,412.011
240.486,412.213
240.484,412.415
240.474,412.617
240.472,412.819
240.471,413.02
240.472,413.043
240.457,413.29
240.455,413.492
240.445,413.694
240.436,413.897
240.425,414.088
240.415,414.29
240.405,414.493
240.403,414.695
240.393,414.897
240.383,415.099
240.373,415.302
240.363,415.504
240.362,415.706
240.351,415.897
240.341,416.099
240.331,416.302
240.321,416.504
240.311,416.706
240.309,416.908
240.299,417.11
240.289,417.313
240.278,417.504
240.268,417.706
240.267,417.908
240.256,418.111
240.246,418.313
240.236,418.515
240.227,418.718
240.217,418.92
240.215,419.122
240.204,419.313
240.194,419.515
240.184,419.718
240.174,419.92
240.172,420.122
240.162,420.324
240.152,420.526
240.142,420.729
240.131,420.92
240.13,421.122
240.12,421.324
240.11,421.526
240.1,421.729
240.094,421.875
240.087,422.111
240.077,422.313
240.067,422.515
240.056,422.707
240.046,422.909
240.036,423.111
240.026,423.314
240.016,423.516
240.006,423.718
239.996,423.921
239.985,424.112
239.975,424.314
239.965,424.517
239.955,424.719
239.945,424.921
239.935,425.124
239.925,425.326
239.915,425.528
239.904,425.72
239.894,425.922
239.884,426.124
239.874,426.327
239.864,426.529
239.854,426.731
239.844,426.934
239.833,427.125
239.823,427.327
239.814,427.53
239.803,427.732
239.793,427.935
239.783,428.137
239.774,428.339
239.763,428.542
239.753,428.733
239.748,428.778
239.739,429.003
239.729,429.205
239.728,429.407
239.718,429.609
239.716,429.811
239.706,430.013
239.704,430.215
239.694,430.417
239.684,430.62
239.682,430.81
239.672,431.013
239.67,431.214
239.66,431.417
239.65,431.619
239.649,431.821
239.639,432.023
239.637,432.225
239.627,432.427
239.625,432.629
239.614,432.82
239.604,433.023
239.603,433.224
239.593,433.427
239.591,433.628
239.581,433.831
239.571,434.033
239.569,434.235
239.559,434.437
239.558,434.639
239.555,434.718
239.54,434.965
239.539,435.167
239.529,435.369
239.518,435.572
239.517,435.773
239.507,435.976
239.497,436.178
239.486,436.369
239.484,436.571
239.474,436.773
239.464,436.976
239.463,437.177
239.453,437.38
239.443,437.582
239.441,437.784
239.431,437.986
239.421,438.189
239.41,438.38
239.408,438.582
239.398,438.784
239.388,438.986
239.387,439.188
239.377,439.39
239.373,439.447
239.371,439.648
239.369,439.85
239.368,440.052
239.366,440.254
239.356,440.456
239.354,440.658
239.353,440.86
239.351,441.061
239.348,441.252
239.347,441.454
239.345,441.655
239.335,441.858
239.333,442.06
239.332,442.149
239.331,442.362
239.328,442.553
239.327,442.754
239.325,442.956
239.323,443.158
239.325,443.18
239.324,443.169
239.325,443.18
239.325,443.18
239.325,443.18
239.326,443.191
239.326,443.191
239.317,443.192
239.317,443.192
239.318,443.203
239.318,443.203
239.311,443.215
239.311,443.215
239.311,443.215
239.311,443.215
239.311,443.215
239.311,443.215
239.312,443.226
239.312,443.226
239.312,443.226
239.312,443.226
239.304,443.238
239.312,443.237
239.303,443.451
239.305,443.473
239.287,443.799
239.277,444.001
239.259,444.204
239.249,444.407
239.231,444.61
239.22,444.801
239.202,445.004
239.203,445.026
239.177,445.342
239.159,445.545
239.14,445.748
239.121,445.94
239.103,446.143
239.085,446.345
239.066,446.548
239.039,446.741
239.02,446.944
239.02,446.933
239.046,447.065
239.046,447.065
239.047,447.076
239.04,447.099
239.049,447.099
239.028,447.38
239.017,447.459
238.982,447.776
238.964,447.979
238.936,448.171
238.941,448.115
238.912,448.408
238.886,448.612
238.858,448.804
238.866,448.792
238.835,449.052
238.817,449.255
238.789,449.448
238.771,449.651
238.766,449.696
238.749,449.91
238.73,450.113
238.712,450.316
238.693,450.508
238.674,450.711
238.664,450.913
238.646,451.116
238.635,451.195
238.613,451.455
238.595,451.658
238.567,451.85
238.549,452.053
238.531,452.256
238.512,452.459
238.485,452.651
238.467,452.854
238.448,453.057
238.432,453.171
238.408,453.419
238.414,453.385
238.417,453.418
238.417,453.418
238.417,453.418
238.417,453.418
238.418,453.429
238.412,453.575
238.406,453.721
238.377,454.004
238.358,454.207
238.357,454.184
238.334,454.432
238.315,454.635
238.3,454.771
238.291,454.984
238.272,455.176
238.262,455.379
238.244,455.582
238.234,455.784
238.225,455.885
238.206,456.088
238.196,456.291
238.186,456.493
238.168,456.696
238.158,456.899
238.148,457.101
238.129,457.293
238.119,457.495
238.109,457.697
238.098,457.777
238.089,457.99
238.087,458.192
238.076,458.383
238.066,458.585
238.056,458.788
238.047,458.99
238.036,459.193
238.026,459.395
238.025,459.597
238.015,459.799
238.005,460.001
237.994,460.193
237.984,460.395
237.974,460.597
237.972,460.799
237.97,460.766
237.961,460.99
237.951,461.193
237.95,461.394
237.94,461.597
237.937,461.787
237.927,461.99
237.917,462.192
237.916,462.394
237.906,462.596
237.904,462.686
237.898,462.944
237.888,463.146
237.878,463.349
237.868,463.551
237.858,463.753
237.847,463.945
237.837,464.147
237.827,464.349
237.817,464.552
237.816,464.753
237.806,464.956
237.796,465.158
237.786,465.361
237.782,465.417
237.774,465.653
237.764,465.855
237.754,466.057
237.744,466.26
237.742,466.461
237.732,466.664
237.722,466.866
237.712,467.057
237.71,467.259
237.7,467.461
237.69,467.664
237.685,467.821
237.677,468.046
237.667,468.248
237.657,468.45
237.646,468.653
237.637,468.855
237.627,469.057
237.625,469.259
237.615,469.462
237.605,469.664
237.594,469.855
237.584,470.057
237.574,470.26
237.573,470.462
237.562,470.664
237.555,470.676
237.541,470.934
237.531,471.137
237.521,471.339
237.503,471.542
237.493,471.744
237.482,471.947
237.463,472.139
237.454,472.341
237.443,472.543
237.425,472.746
237.415,472.949
237.405,473.151
237.386,473.343
237.376,473.545
237.366,473.748
237.348,473.951
237.338,474.153
237.328,474.355
237.309,474.547
237.299,474.75
237.289,474.952
237.27,475.155
237.267,475.222
237.251,475.459
237.241,475.661
237.231,475.852
237.212,476.055
237.202,476.258
237.192,476.46
237.182,476.662
237.164,476.865
237.153,477.057
237.143,477.259
237.125,477.462
237.115,477.664
237.105,477.867
237.087,478.07
237.076,478.261
237.066,478.463
237.056,478.665
237.037,478.868
237.027,479.071
237.018,479.273
236.999,479.476
236.988,479.667
236.978,479.87
236.978,479.87
236.962,480.095
236.952,480.297
236.942,480.5
236.932,480.702
236.921,480.893
236.911,481.096
236.901,481.298
236.891,481.5
236.881,481.703
236.871,481.905
236.861,482.107
236.85,482.299
236.84,482.501
236.822,482.704
236.812,482.906
236.802,483.109
236.792,483.311
236.782,483.513
236.771,483.705
236.761,483.907
236.751,484.109
236.749,484.188
236.74,484.413
236.73,484.615
236.72,484.806
236.71,485.008
236.7,485.211
236.689,485.413
236.688,485.615
236.678,485.817
236.668,486.02
236.658,486.222
236.648,486.424
236.637,486.616
236.627,486.818
236.625,487.02
236.615,487.222
236.605,487.424
236.595,487.627
236.585,487.829
236.575,488.031
236.574,488.009
236.568,488.267
236.55,488.47
236.54,488.673
236.529,488.864
236.519,489.066
236.509,489.269
236.499,489.471
236.489,489.673
236.47,489.876
236.461,490.079
236.45,490.27
236.44,490.472
236.43,490.675
236.43,490.675
236.413,490.9
236.403,491.102
236.393,491.305
236.383,491.507
236.379,491.563
236.386,491.552
236.387,491.563
236.387,491.563
236.388,491.574
